IID, true_phens, raw_effects_prs, pval_derived_effects_prs, sex
caseindv0, 2.000000e+00, 2.125622e+00, -2.919875e-01, 0, 
caseindv1, 2.000000e+00, 1.539032e+00, -3.250754e-01, 0, 
caseindv2, 2.000000e+00, 2.385276e+00, -3.653783e-01, 0, 
caseindv3, 2.000000e+00, 1.701965e+00, -4.066087e-01, 0, 
caseindv4, 2.000000e+00, -3.230489e-02, -2.598906e-01, 0, 
caseindv5, 2.000000e+00, -9.005498e-01, -2.640977e-01, 0, 
caseindv6, 2.000000e+00, 9.346231e-02, -6.015276e-01, 0, 
caseindv7, 2.000000e+00, 3.078161e+00, -4.794795e-01, 0, 
caseindv8, 2.000000e+00, 8.896825e-01, -8.666104e-02, 0, 
caseindv9, 2.000000e+00, 2.085312e+00, -5.314313e-01, 0, 
caseindv10, 2.000000e+00, -4.365220e+00, -3.564672e-01, 0, 
caseindv11, 2.000000e+00, -1.139185e+00, -8.537722e-03, 0, 
caseindv12, 2.000000e+00, 2.373592e+00, -3.856611e-01, 0, 
caseindv13, 2.000000e+00, 2.608187e+00, -4.178863e-01, 0, 
caseindv14, 2.000000e+00, 4.232021e+00, -6.267749e-01, 0, 
caseindv15, 2.000000e+00, 2.557555e+00, -3.518700e-01, 0, 
caseindv16, 2.000000e+00, 2.646105e+00, -4.332853e-01, 0, 
caseindv17, 2.000000e+00, -1.871696e+00, 4.234264e-01, 0, 
caseindv18, 2.000000e+00, 2.313693e+00, -2.197272e-01, 0, 
caseindv19, 2.000000e+00, 6.048918e-01, -4.138166e-01, 0, 
caseindv20, 2.000000e+00, 4.487396e+00, -5.051741e-01, 0, 
caseindv21, 2.000000e+00, -6.539750e+00, 5.142872e-01, 0, 
caseindv22, 2.000000e+00, -8.008770e+00, 1.308927e-01, 0, 
caseindv23, 2.000000e+00, 6.667389e+00, -6.287890e-01, 0, 
caseindv24, 2.000000e+00, 4.874456e+00, -3.100762e-01, 0, 
caseindv25, 2.000000e+00, 1.121977e+01, -8.678269e-01, 0, 
caseindv26, 2.000000e+00, -1.374217e+00, -2.597118e-01, 0, 
caseindv27, 2.000000e+00, 4.918491e+00, -8.700283e-01, 0, 
caseindv28, 2.000000e+00, 1.204726e+00, -1.909098e-01, 0, 
caseindv29, 2.000000e+00, 1.423454e+01, -1.324791e+00, 0, 
caseindv30, 2.000000e+00, 1.221482e+00, -9.069807e-02, 0, 
caseindv31, 2.000000e+00, 5.796807e+00, -4.828789e-01, 0, 
caseindv32, 2.000000e+00, 4.486933e+00, -4.252161e-01, 0, 
caseindv33, 2.000000e+00, 5.968758e+00, -4.529093e-01, 0, 
caseindv34, 2.000000e+00, -2.691079e+00, -2.981622e-01, 0, 
caseindv35, 2.000000e+00, -2.907148e+00, 6.701752e-02, 0, 
caseindv36, 2.000000e+00, 6.177056e+00, -6.447009e-01, 0, 
caseindv37, 2.000000e+00, 4.154552e-01, -3.035241e-01, 0, 
caseindv38, 2.000000e+00, 6.307012e+00, -6.380651e-01, 0, 
caseindv39, 2.000000e+00, 3.664127e+00, -6.085945e-01, 0, 
caseindv40, 2.000000e+00, 2.365540e+00, -7.022128e-01, 0, 
caseindv41, 2.000000e+00, 4.004150e+00, -4.468525e-01, 0, 
caseindv42, 2.000000e+00, 3.337340e+00, -6.049602e-01, 0, 
caseindv43, 2.000000e+00, 6.164342e+00, -8.724419e-01, 0, 
caseindv44, 2.000000e+00, 2.765085e+00, -6.834686e-01, 0, 
caseindv45, 2.000000e+00, -8.680922e-01, -6.453354e-01, 0, 
caseindv46, 2.000000e+00, -2.189873e+00, -3.384923e-01, 0, 
caseindv47, 2.000000e+00, 1.490666e+00, -2.854740e-01, 0, 
caseindv48, 2.000000e+00, 1.098931e+01, -9.734618e-01, 0, 
caseindv49, 2.000000e+00, -3.925000e+00, -4.089986e-01, 0, 
caseindv50, 2.000000e+00, 7.938524e+00, -7.180157e-01, 0, 
caseindv51, 2.000000e+00, 3.249395e+00, -4.138714e-01, 0, 
caseindv52, 2.000000e+00, 1.010491e+01, -9.393213e-01, 0, 
caseindv53, 2.000000e+00, -3.893771e+00, -4.616081e-01, 0, 
caseindv54, 2.000000e+00, -2.176313e+00, -4.192791e-01, 0, 
caseindv55, 2.000000e+00, 8.461295e-01, -1.668755e-01, 0, 
caseindv56, 2.000000e+00, 8.475476e+00, -9.442351e-01, 0, 
caseindv57, 2.000000e+00, 7.233784e+00, -8.495248e-01, 0, 
caseindv58, 2.000000e+00, 4.744161e-01, -4.951147e-01, 0, 
caseindv59, 2.000000e+00, -8.502745e-01, 1.059931e-01, 0, 
caseindv60, 2.000000e+00, 1.683863e+00, -1.853411e-01, 0, 
caseindv61, 2.000000e+00, 4.565473e+00, -6.967976e-01, 0, 
caseindv62, 2.000000e+00, 6.712120e-01, -3.313774e-03, 0, 
caseindv63, 2.000000e+00, -1.098388e+00, 1.166730e-01, 0, 
caseindv64, 2.000000e+00, -6.652119e-01, -4.995057e-01, 0, 
caseindv65, 2.000000e+00, -4.886511e+00, -7.276615e-02, 0, 
caseindv66, 2.000000e+00, 2.856959e+00, -4.857879e-01, 0, 
caseindv67, 2.000000e+00, -4.189093e+00, 9.146492e-02, 0, 
caseindv68, 2.000000e+00, 1.069542e+01, -1.174922e+00, 0, 
caseindv69, 2.000000e+00, 6.241110e+00, -7.301781e-01, 0, 
caseindv70, 2.000000e+00, 2.384879e+00, -1.756202e-01, 0, 
caseindv71, 2.000000e+00, 2.305242e+00, -3.921809e-01, 0, 
caseindv72, 2.000000e+00, 1.246679e+01, -1.107503e+00, 0, 
caseindv73, 2.000000e+00, 7.873280e+00, -8.223792e-01, 0, 
caseindv74, 2.000000e+00, -1.225086e+00, -3.695008e-01, 0, 
caseindv75, 2.000000e+00, 4.033948e+00, -9.245133e-01, 0, 
caseindv76, 2.000000e+00, 6.507849e+00, -6.578017e-01, 0, 
caseindv77, 2.000000e+00, 8.974944e+00, -8.971458e-01, 0, 
caseindv78, 2.000000e+00, 3.308271e+00, 2.018173e-02, 0, 
caseindv79, 2.000000e+00, 4.295394e+00, -6.146836e-01, 0, 
caseindv80, 2.000000e+00, -2.414154e+00, -8.074470e-02, 0, 
caseindv81, 2.000000e+00, -4.874675e+00, 9.183262e-02, 0, 
caseindv82, 2.000000e+00, 1.079078e+01, -7.297456e-01, 0, 
caseindv83, 2.000000e+00, 9.110828e-02, -4.766025e-01, 0, 
caseindv84, 2.000000e+00, 5.629783e+00, -9.667864e-01, 0, 
caseindv85, 2.000000e+00, 6.869620e+00, -9.596159e-01, 0, 
caseindv86, 2.000000e+00, -5.422839e-01, 2.983722e-02, 0, 
caseindv87, 2.000000e+00, 4.119681e+00, -2.847415e-01, 0, 
caseindv88, 2.000000e+00, 7.281633e+00, -9.921239e-01, 0, 
caseindv89, 2.000000e+00, 4.089659e+00, -3.054147e-01, 0, 
caseindv90, 2.000000e+00, 4.671208e+00, -4.324045e-01, 0, 
caseindv91, 2.000000e+00, 4.117476e+00, -8.129268e-01, 0, 
caseindv92, 2.000000e+00, 5.832862e+00, -9.850189e-01, 0, 
caseindv93, 2.000000e+00, 4.939635e+00, -7.349586e-01, 0, 
caseindv94, 2.000000e+00, 2.173229e+00, -5.659516e-01, 0, 
caseindv95, 2.000000e+00, 2.701132e+00, -5.215807e-01, 0, 
caseindv96, 2.000000e+00, 4.292912e+00, -7.405252e-01, 0, 
caseindv97, 2.000000e+00, -7.092889e+00, 2.432370e-01, 0, 
caseindv98, 2.000000e+00, -4.750311e+00, 4.475686e-01, 0, 
caseindv99, 2.000000e+00, 6.059903e+00, -6.644494e-01, 0, 
caseindv100, 2.000000e+00, 4.202423e+00, -3.837473e-01, 0, 
caseindv101, 2.000000e+00, 5.629674e+00, -4.751399e-01, 0, 
caseindv102, 2.000000e+00, 5.431860e+00, -5.628484e-01, 0, 
caseindv103, 2.000000e+00, 9.374972e+00, -1.072881e+00, 0, 
caseindv104, 2.000000e+00, 8.649147e+00, -1.003164e+00, 0, 
caseindv105, 2.000000e+00, 8.453037e-02, -2.669715e-01, 0, 
caseindv106, 2.000000e+00, 6.979792e+00, -4.953365e-01, 0, 
caseindv107, 2.000000e+00, 3.301886e+00, -6.065128e-01, 0, 
caseindv108, 2.000000e+00, 7.078377e+00, -8.916763e-01, 0, 
caseindv109, 2.000000e+00, 8.488582e+00, -1.066387e+00, 0, 
caseindv110, 2.000000e+00, 5.871697e+00, -4.668887e-01, 0, 
caseindv111, 2.000000e+00, 4.579998e+00, -5.482716e-01, 0, 
caseindv112, 2.000000e+00, -4.792453e-01, -7.629321e-02, 0, 
caseindv113, 2.000000e+00, 2.831844e+00, -3.216706e-01, 0, 
caseindv114, 2.000000e+00, 2.343850e+00, -2.656697e-01, 0, 
caseindv115, 2.000000e+00, 2.859812e+00, -4.553257e-01, 0, 
caseindv116, 2.000000e+00, 1.526435e+00, -6.617933e-02, 0, 
caseindv117, 2.000000e+00, 1.542462e+00, -6.351606e-01, 0, 
caseindv118, 2.000000e+00, 2.550675e+00, -7.992369e-01, 0, 
caseindv119, 2.000000e+00, 3.193011e+00, -6.151127e-01, 0, 
caseindv120, 2.000000e+00, 3.025468e+00, -6.702836e-01, 0, 
caseindv121, 2.000000e+00, -6.754573e+00, 2.821502e-01, 0, 
caseindv122, 2.000000e+00, 4.636974e+00, -6.469630e-01, 0, 
caseindv123, 2.000000e+00, 4.114517e+00, -5.707296e-01, 0, 
caseindv124, 2.000000e+00, 2.552696e+00, -4.970521e-01, 0, 
caseindv125, 2.000000e+00, 4.216156e+00, -2.408913e-01, 0, 
caseindv126, 2.000000e+00, 3.272973e+00, -1.519248e-01, 0, 
caseindv127, 2.000000e+00, 4.470766e+00, -4.588768e-01, 0, 
caseindv128, 2.000000e+00, 4.103974e-01, -1.154837e-01, 0, 
caseindv129, 2.000000e+00, 8.188060e+00, -1.036659e+00, 0, 
caseindv130, 2.000000e+00, -4.650986e+00, -7.936854e-02, 0, 
caseindv131, 2.000000e+00, -2.083199e-01, -2.722884e-01, 0, 
caseindv132, 2.000000e+00, -4.158256e-01, -3.701939e-01, 0, 
caseindv133, 2.000000e+00, -3.059843e+00, -2.277879e-01, 0, 
caseindv134, 2.000000e+00, -4.370490e+00, 2.151351e-01, 0, 
caseindv135, 2.000000e+00, 8.353400e-01, -2.381104e-01, 0, 
caseindv136, 2.000000e+00, 3.778345e+00, -3.559296e-01, 0, 
caseindv137, 2.000000e+00, 5.967450e+00, -7.982870e-01, 0, 
caseindv138, 2.000000e+00, -8.954710e-01, -1.201605e-01, 0, 
caseindv139, 2.000000e+00, -3.290398e+00, 2.031173e-01, 0, 
caseindv140, 2.000000e+00, 9.045473e+00, -8.763602e-01, 0, 
caseindv141, 2.000000e+00, 1.442519e+00, -4.366335e-01, 0, 
caseindv142, 2.000000e+00, 8.956331e+00, -7.913193e-01, 0, 
caseindv143, 2.000000e+00, 5.080637e+00, -3.944167e-01, 0, 
caseindv144, 2.000000e+00, -6.887663e-01, -3.163440e-01, 0, 
caseindv145, 2.000000e+00, 2.933714e+00, -6.109260e-01, 0, 
caseindv146, 2.000000e+00, 6.933282e+00, -5.631921e-01, 0, 
caseindv147, 2.000000e+00, -1.531733e+00, -1.952202e-01, 0, 
caseindv148, 2.000000e+00, 2.381360e+00, -6.364366e-01, 0, 
caseindv149, 2.000000e+00, 3.219899e+00, -3.787969e-01, 0, 
caseindv150, 2.000000e+00, 2.708500e+00, -2.538429e-01, 0, 
caseindv151, 2.000000e+00, 2.014653e+00, -4.439896e-01, 0, 
caseindv152, 2.000000e+00, -1.181432e+00, -2.161968e-01, 0, 
caseindv153, 2.000000e+00, 2.896942e+00, -3.191127e-01, 0, 
caseindv154, 2.000000e+00, 9.034894e+00, -1.023098e+00, 0, 
caseindv155, 2.000000e+00, 1.497621e+00, -2.168388e-01, 0, 
caseindv156, 2.000000e+00, 2.480974e+00, -7.609115e-01, 0, 
caseindv157, 2.000000e+00, 4.212483e+00, -8.141994e-01, 0, 
caseindv158, 2.000000e+00, 3.958974e+00, -3.950793e-01, 0, 
caseindv159, 2.000000e+00, -5.288139e-01, -4.519000e-01, 0, 
caseindv160, 2.000000e+00, 5.898802e+00, -2.485849e-01, 0, 
caseindv161, 2.000000e+00, 3.903954e+00, -6.532495e-01, 0, 
caseindv162, 2.000000e+00, -4.160783e-01, -2.607636e-01, 0, 
caseindv163, 2.000000e+00, -5.354041e+00, 2.332920e-01, 0, 
caseindv164, 2.000000e+00, -2.063265e+00, 4.084587e-03, 0, 
caseindv165, 2.000000e+00, 3.078445e+00, -3.205503e-01, 0, 
caseindv166, 2.000000e+00, 7.058382e+00, -7.920843e-01, 0, 
caseindv167, 2.000000e+00, 6.324892e+00, -1.073080e+00, 0, 
caseindv168, 2.000000e+00, -9.313048e-01, -3.644715e-01, 0, 
caseindv169, 2.000000e+00, 4.358406e+00, -6.194334e-01, 0, 
caseindv170, 2.000000e+00, 8.667798e+00, -1.151930e+00, 0, 
caseindv171, 2.000000e+00, 3.367918e+00, -4.034067e-01, 0, 
caseindv172, 2.000000e+00, 1.812619e+00, -7.597219e-01, 0, 
caseindv173, 2.000000e+00, 4.303155e+00, -4.126160e-01, 0, 
caseindv174, 2.000000e+00, -1.130337e+00, -5.384196e-02, 0, 
caseindv175, 2.000000e+00, -4.171353e-02, -1.301873e-01, 0, 
caseindv176, 2.000000e+00, 8.684594e-03, -3.250718e-01, 0, 
caseindv177, 2.000000e+00, 3.525209e+00, -3.862707e-01, 0, 
caseindv178, 2.000000e+00, 4.990253e+00, -7.475166e-01, 0, 
caseindv179, 2.000000e+00, 1.016303e+00, -3.906147e-01, 0, 
caseindv180, 2.000000e+00, -4.987755e-01, 6.388058e-02, 0, 
caseindv181, 2.000000e+00, 5.147936e+00, -4.909485e-01, 0, 
caseindv182, 2.000000e+00, 5.579591e+00, -6.377744e-01, 0, 
caseindv183, 2.000000e+00, 1.729749e+00, -4.331658e-01, 0, 
caseindv184, 2.000000e+00, -4.355912e+00, -1.111832e-01, 0, 
caseindv185, 2.000000e+00, 6.826978e+00, -6.652203e-01, 0, 
caseindv186, 2.000000e+00, -2.022880e-01, -5.342278e-02, 0, 
caseindv187, 2.000000e+00, 1.729117e+00, -4.758662e-02, 0, 
caseindv188, 2.000000e+00, -1.101985e+00, -4.093187e-01, 0, 
caseindv189, 2.000000e+00, 9.717579e-01, -4.926815e-01, 0, 
caseindv190, 2.000000e+00, 2.945872e+00, -5.784964e-01, 0, 
caseindv191, 2.000000e+00, 2.755400e+00, -2.518601e-01, 0, 
caseindv192, 2.000000e+00, 4.069459e+00, -5.138094e-01, 0, 
caseindv193, 2.000000e+00, 9.243804e+00, -1.079952e+00, 0, 
caseindv194, 2.000000e+00, 4.852073e+00, -5.990835e-01, 0, 
caseindv195, 2.000000e+00, 1.737131e+00, -4.067262e-01, 0, 
caseindv196, 2.000000e+00, 4.391178e+00, -5.738343e-01, 0, 
caseindv197, 2.000000e+00, 4.750126e+00, -8.427864e-01, 0, 
caseindv198, 2.000000e+00, 3.649216e+00, -3.133027e-01, 0, 
caseindv199, 2.000000e+00, -9.243059e-02, -3.676289e-01, 0, 
controlindv0, 1.000000e+00, 2.125622e+00, -2.919875e-01, 0, 
controlindv1, 1.000000e+00, 1.539032e+00, -3.250754e-01, 0, 
controlindv2, 1.000000e+00, 2.385276e+00, -3.653783e-01, 0, 
controlindv3, 1.000000e+00, 1.701965e+00, -4.066087e-01, 0, 
controlindv4, 1.000000e+00, -3.230489e-02, -2.598906e-01, 0, 
controlindv5, 1.000000e+00, -9.005498e-01, -2.640977e-01, 0, 
controlindv6, 1.000000e+00, 9.346231e-02, -6.015276e-01, 0, 
controlindv7, 1.000000e+00, 3.078161e+00, -4.794795e-01, 0, 
controlindv8, 1.000000e+00, 8.896825e-01, -8.666104e-02, 0, 
controlindv9, 1.000000e+00, 2.085312e+00, -5.314313e-01, 0, 
controlindv10, 1.000000e+00, -4.365220e+00, -3.564672e-01, 0, 
controlindv11, 1.000000e+00, -1.139185e+00, -8.537722e-03, 0, 
controlindv12, 1.000000e+00, 2.373592e+00, -3.856611e-01, 0, 
controlindv13, 1.000000e+00, 2.608187e+00, -4.178863e-01, 0, 
controlindv14, 1.000000e+00, 4.232021e+00, -6.267749e-01, 0, 
controlindv15, 1.000000e+00, 2.557555e+00, -3.518700e-01, 0, 
controlindv16, 1.000000e+00, 2.646105e+00, -4.332853e-01, 0, 
controlindv17, 1.000000e+00, -1.871696e+00, 4.234264e-01, 0, 
controlindv18, 1.000000e+00, 2.313693e+00, -2.197272e-01, 0, 
controlindv19, 1.000000e+00, 6.048918e-01, -4.138166e-01, 0, 
controlindv20, 1.000000e+00, 4.487396e+00, -5.051741e-01, 0, 
controlindv21, 1.000000e+00, -6.539750e+00, 5.142872e-01, 0, 
controlindv22, 1.000000e+00, -8.008770e+00, 1.308927e-01, 0, 
controlindv23, 1.000000e+00, 6.667389e+00, -6.287890e-01, 0, 
controlindv24, 1.000000e+00, 4.874456e+00, -3.100762e-01, 0, 
controlindv25, 1.000000e+00, 1.121977e+01, -8.678269e-01, 0, 
controlindv26, 1.000000e+00, -1.374217e+00, -2.597118e-01, 0, 
controlindv27, 1.000000e+00, 4.918491e+00, -8.700283e-01, 0, 
controlindv28, 1.000000e+00, 1.204726e+00, -1.909098e-01, 0, 
controlindv29, 1.000000e+00, 1.423454e+01, -1.324791e+00, 0, 
controlindv30, 1.000000e+00, 1.221482e+00, -9.069807e-02, 0, 
controlindv31, 1.000000e+00, 5.796807e+00, -4.828789e-01, 0, 
controlindv32, 1.000000e+00, 4.486933e+00, -4.252161e-01, 0, 
controlindv33, 1.000000e+00, 5.968758e+00, -4.529093e-01, 0, 
controlindv34, 1.000000e+00, -2.691079e+00, -2.981622e-01, 0, 
controlindv35, 1.000000e+00, -2.907148e+00, 6.701752e-02, 0, 
controlindv36, 1.000000e+00, 6.177056e+00, -6.447009e-01, 0, 
controlindv37, 1.000000e+00, 4.154552e-01, -3.035241e-01, 0, 
controlindv38, 1.000000e+00, 6.307012e+00, -6.380651e-01, 0, 
controlindv39, 1.000000e+00, 3.664127e+00, -6.085945e-01, 0, 
controlindv40, 1.000000e+00, 2.365540e+00, -7.022128e-01, 0, 
controlindv41, 1.000000e+00, 4.004150e+00, -4.468525e-01, 0, 
controlindv42, 1.000000e+00, 3.337340e+00, -6.049602e-01, 0, 
controlindv43, 1.000000e+00, 6.164342e+00, -8.724419e-01, 0, 
controlindv44, 1.000000e+00, 2.765085e+00, -6.834686e-01, 0, 
controlindv45, 1.000000e+00, -8.680922e-01, -6.453354e-01, 0, 
controlindv46, 1.000000e+00, -2.189873e+00, -3.384923e-01, 0, 
controlindv47, 1.000000e+00, 1.490666e+00, -2.854740e-01, 0, 
controlindv48, 1.000000e+00, 1.098931e+01, -9.734618e-01, 0, 
controlindv49, 1.000000e+00, -3.925000e+00, -4.089986e-01, 0, 
controlindv50, 1.000000e+00, 7.938524e+00, -7.180157e-01, 0, 
controlindv51, 1.000000e+00, 3.249395e+00, -4.138714e-01, 0, 
controlindv52, 1.000000e+00, 1.010491e+01, -9.393213e-01, 0, 
controlindv53, 1.000000e+00, -3.893771e+00, -4.616081e-01, 0, 
controlindv54, 1.000000e+00, -2.176313e+00, -4.192791e-01, 0, 
controlindv55, 1.000000e+00, 8.461295e-01, -1.668755e-01, 0, 
controlindv56, 1.000000e+00, 8.475476e+00, -9.442351e-01, 0, 
controlindv57, 1.000000e+00, 7.233784e+00, -8.495248e-01, 0, 
controlindv58, 1.000000e+00, 4.744161e-01, -4.951147e-01, 0, 
controlindv59, 1.000000e+00, -8.502745e-01, 1.059931e-01, 0, 
controlindv60, 1.000000e+00, 1.683863e+00, -1.853411e-01, 0, 
controlindv61, 1.000000e+00, 4.565473e+00, -6.967976e-01, 0, 
controlindv62, 1.000000e+00, 6.712120e-01, -3.313774e-03, 0, 
controlindv63, 1.000000e+00, -1.098388e+00, 1.166730e-01, 0, 
controlindv64, 1.000000e+00, -6.652119e-01, -4.995057e-01, 0, 
controlindv65, 1.000000e+00, -4.886511e+00, -7.276615e-02, 0, 
controlindv66, 1.000000e+00, 2.856959e+00, -4.857879e-01, 0, 
controlindv67, 1.000000e+00, -4.189093e+00, 9.146492e-02, 0, 
controlindv68, 1.000000e+00, 1.069542e+01, -1.174922e+00, 0, 
controlindv69, 1.000000e+00, 6.241110e+00, -7.301781e-01, 0, 
controlindv70, 1.000000e+00, 2.384879e+00, -1.756202e-01, 0, 
controlindv71, 1.000000e+00, 2.305242e+00, -3.921809e-01, 0, 
controlindv72, 1.000000e+00, 1.246679e+01, -1.107503e+00, 0, 
controlindv73, 1.000000e+00, 7.873280e+00, -8.223792e-01, 0, 
controlindv74, 1.000000e+00, -1.225086e+00, -3.695008e-01, 0, 
controlindv75, 1.000000e+00, 4.033948e+00, -9.245133e-01, 0, 
controlindv76, 1.000000e+00, 6.507849e+00, -6.578017e-01, 0, 
controlindv77, 1.000000e+00, 8.974944e+00, -8.971458e-01, 0, 
controlindv78, 1.000000e+00, 3.308271e+00, 2.018173e-02, 0, 
controlindv79, 1.000000e+00, 4.295394e+00, -6.146836e-01, 0, 
controlindv80, 1.000000e+00, -2.414154e+00, -8.074470e-02, 0, 
controlindv81, 1.000000e+00, -4.874675e+00, 9.183262e-02, 0, 
controlindv82, 1.000000e+00, 1.079078e+01, -7.297456e-01, 0, 
controlindv83, 1.000000e+00, 9.110828e-02, -4.766025e-01, 0, 
controlindv84, 1.000000e+00, 5.629783e+00, -9.667864e-01, 0, 
controlindv85, 1.000000e+00, 6.869620e+00, -9.596159e-01, 0, 
controlindv86, 1.000000e+00, -5.422839e-01, 2.983722e-02, 0, 
controlindv87, 1.000000e+00, 4.119681e+00, -2.847415e-01, 0, 
controlindv88, 1.000000e+00, 7.281633e+00, -9.921239e-01, 0, 
controlindv89, 1.000000e+00, 4.089659e+00, -3.054147e-01, 0, 
controlindv90, 1.000000e+00, 4.671208e+00, -4.324045e-01, 0, 
controlindv91, 1.000000e+00, 4.117476e+00, -8.129268e-01, 0, 
controlindv92, 1.000000e+00, 5.832862e+00, -9.850189e-01, 0, 
controlindv93, 1.000000e+00, 4.939635e+00, -7.349586e-01, 0, 
controlindv94, 1.000000e+00, 2.173229e+00, -5.659516e-01, 0, 
controlindv95, 1.000000e+00, 2.701132e+00, -5.215807e-01, 0, 
controlindv96, 1.000000e+00, 4.292912e+00, -7.405252e-01, 0, 
controlindv97, 1.000000e+00, -7.092889e+00, 2.432370e-01, 0, 
controlindv98, 1.000000e+00, -4.750311e+00, 4.475686e-01, 0, 
controlindv99, 1.000000e+00, 6.059903e+00, -6.644494e-01, 0, 
controlindv100, 1.000000e+00, 4.202423e+00, -3.837473e-01, 0, 
controlindv101, 1.000000e+00, 5.629674e+00, -4.751399e-01, 0, 
controlindv102, 1.000000e+00, 5.431860e+00, -5.628484e-01, 0, 
controlindv103, 1.000000e+00, 9.374972e+00, -1.072881e+00, 0, 
controlindv104, 1.000000e+00, 8.649147e+00, -1.003164e+00, 0, 
controlindv105, 1.000000e+00, 8.453037e-02, -2.669715e-01, 0, 
controlindv106, 1.000000e+00, 6.979792e+00, -4.953365e-01, 0, 
controlindv107, 1.000000e+00, 3.301886e+00, -6.065128e-01, 0, 
controlindv108, 1.000000e+00, 7.078377e+00, -8.916763e-01, 0, 
controlindv109, 1.000000e+00, 8.488582e+00, -1.066387e+00, 0, 
controlindv110, 1.000000e+00, 5.871697e+00, -4.668887e-01, 0, 
controlindv111, 1.000000e+00, 4.579998e+00, -5.482716e-01, 0, 
controlindv112, 1.000000e+00, -4.792453e-01, -7.629321e-02, 0, 
controlindv113, 1.000000e+00, 2.831844e+00, -3.216706e-01, 0, 
controlindv114, 1.000000e+00, 2.343850e+00, -2.656697e-01, 0, 
controlindv115, 1.000000e+00, 2.859812e+00, -4.553257e-01, 0, 
controlindv116, 1.000000e+00, 1.526435e+00, -6.617933e-02, 0, 
controlindv117, 1.000000e+00, 1.542462e+00, -6.351606e-01, 0, 
controlindv118, 1.000000e+00, 2.550675e+00, -7.992369e-01, 0, 
controlindv119, 1.000000e+00, 3.193011e+00, -6.151127e-01, 0, 
controlindv120, 1.000000e+00, 3.025468e+00, -6.702836e-01, 0, 
controlindv121, 1.000000e+00, -6.754573e+00, 2.821502e-01, 0, 
controlindv122, 1.000000e+00, 4.636974e+00, -6.469630e-01, 0, 
controlindv123, 1.000000e+00, 4.114517e+00, -5.707296e-01, 0, 
controlindv124, 1.000000e+00, 2.552696e+00, -4.970521e-01, 0, 
controlindv125, 1.000000e+00, 4.216156e+00, -2.408913e-01, 0, 
controlindv126, 1.000000e+00, 3.272973e+00, -1.519248e-01, 0, 
controlindv127, 1.000000e+00, 4.470766e+00, -4.588768e-01, 0, 
controlindv128, 1.000000e+00, 4.103974e-01, -1.154837e-01, 0, 
controlindv129, 1.000000e+00, 8.188060e+00, -1.036659e+00, 0, 
controlindv130, 1.000000e+00, -4.650986e+00, -7.936854e-02, 0, 
controlindv131, 1.000000e+00, -2.083199e-01, -2.722884e-01, 0, 
controlindv132, 1.000000e+00, -4.158256e-01, -3.701939e-01, 0, 
controlindv133, 1.000000e+00, -3.059843e+00, -2.277879e-01, 0, 
controlindv134, 1.000000e+00, -4.370490e+00, 2.151351e-01, 0, 
controlindv135, 1.000000e+00, 8.353400e-01, -2.381104e-01, 0, 
controlindv136, 1.000000e+00, 3.778345e+00, -3.559296e-01, 0, 
controlindv137, 1.000000e+00, 5.967450e+00, -7.982870e-01, 0, 
controlindv138, 1.000000e+00, -8.954710e-01, -1.201605e-01, 0, 
controlindv139, 1.000000e+00, -3.290398e+00, 2.031173e-01, 0, 
controlindv140, 1.000000e+00, 9.045473e+00, -8.763602e-01, 0, 
controlindv141, 1.000000e+00, 1.442519e+00, -4.366335e-01, 0, 
controlindv142, 1.000000e+00, 8.956331e+00, -7.913193e-01, 0, 
controlindv143, 1.000000e+00, 5.080637e+00, -3.944167e-01, 0, 
controlindv144, 1.000000e+00, -6.887663e-01, -3.163440e-01, 0, 
controlindv145, 1.000000e+00, 2.933714e+00, -6.109260e-01, 0, 
controlindv146, 1.000000e+00, 6.933282e+00, -5.631921e-01, 0, 
controlindv147, 1.000000e+00, -1.531733e+00, -1.952202e-01, 0, 
controlindv148, 1.000000e+00, 2.381360e+00, -6.364366e-01, 0, 
controlindv149, 1.000000e+00, 3.219899e+00, -3.787969e-01, 0, 
controlindv150, 1.000000e+00, 2.708500e+00, -2.538429e-01, 0, 
controlindv151, 1.000000e+00, 2.014653e+00, -4.439896e-01, 0, 
controlindv152, 1.000000e+00, -1.181432e+00, -2.161968e-01, 0, 
controlindv153, 1.000000e+00, 2.896942e+00, -3.191127e-01, 0, 
controlindv154, 1.000000e+00, 9.034894e+00, -1.023098e+00, 0, 
controlindv155, 1.000000e+00, 1.497621e+00, -2.168388e-01, 0, 
controlindv156, 1.000000e+00, 2.480974e+00, -7.609115e-01, 0, 
controlindv157, 1.000000e+00, 4.212483e+00, -8.141994e-01, 0, 
controlindv158, 1.000000e+00, 3.958974e+00, -3.950793e-01, 0, 
controlindv159, 1.000000e+00, -5.288139e-01, -4.519000e-01, 0, 
controlindv160, 1.000000e+00, 5.898802e+00, -2.485849e-01, 0, 
controlindv161, 1.000000e+00, 3.903954e+00, -6.532495e-01, 0, 
controlindv162, 1.000000e+00, -4.160783e-01, -2.607636e-01, 0, 
controlindv163, 1.000000e+00, -5.354041e+00, 2.332920e-01, 0, 
controlindv164, 1.000000e+00, -2.063265e+00, 4.084587e-03, 0, 
controlindv165, 1.000000e+00, 3.078445e+00, -3.205503e-01, 0, 
controlindv166, 1.000000e+00, 7.058382e+00, -7.920843e-01, 0, 
controlindv167, 1.000000e+00, 6.324892e+00, -1.073080e+00, 0, 
controlindv168, 1.000000e+00, -9.313048e-01, -3.644715e-01, 0, 
controlindv169, 1.000000e+00, 4.358406e+00, -6.194334e-01, 0, 
controlindv170, 1.000000e+00, 8.667798e+00, -1.151930e+00, 0, 
controlindv171, 1.000000e+00, 3.367918e+00, -4.034067e-01, 0, 
controlindv172, 1.000000e+00, 1.812619e+00, -7.597219e-01, 0, 
controlindv173, 1.000000e+00, 4.303155e+00, -4.126160e-01, 0, 
controlindv174, 1.000000e+00, -1.130337e+00, -5.384196e-02, 0, 
controlindv175, 1.000000e+00, -4.171353e-02, -1.301873e-01, 0, 
controlindv176, 1.000000e+00, 8.684594e-03, -3.250718e-01, 0, 
controlindv177, 1.000000e+00, 3.525209e+00, -3.862707e-01, 0, 
controlindv178, 1.000000e+00, 4.990253e+00, -7.475166e-01, 0, 
controlindv179, 1.000000e+00, 1.016303e+00, -3.906147e-01, 0, 
controlindv180, 1.000000e+00, -4.987755e-01, 6.388058e-02, 0, 
controlindv181, 1.000000e+00, 5.147936e+00, -4.909485e-01, 0, 
controlindv182, 1.000000e+00, 5.579591e+00, -6.377744e-01, 0, 
controlindv183, 1.000000e+00, 1.729749e+00, -4.331658e-01, 0, 
controlindv184, 1.000000e+00, -4.355912e+00, -1.111832e-01, 0, 
controlindv185, 1.000000e+00, 6.826978e+00, -6.652203e-01, 0, 
controlindv186, 1.000000e+00, -2.022880e-01, -5.342278e-02, 0, 
controlindv187, 1.000000e+00, 1.729117e+00, -4.758662e-02, 0, 
controlindv188, 1.000000e+00, -1.101985e+00, -4.093187e-01, 0, 
controlindv189, 1.000000e+00, 9.717579e-01, -4.926815e-01, 0, 
controlindv190, 1.000000e+00, 2.945872e+00, -5.784964e-01, 0, 
controlindv191, 1.000000e+00, 2.755400e+00, -2.518601e-01, 0, 
controlindv192, 1.000000e+00, 4.069459e+00, -5.138094e-01, 0, 
controlindv193, 1.000000e+00, 9.243804e+00, -1.079952e+00, 0, 
controlindv194, 1.000000e+00, 4.852073e+00, -5.990835e-01, 0, 
controlindv195, 1.000000e+00, 1.737131e+00, -4.067262e-01, 0, 
controlindv196, 1.000000e+00, 4.391178e+00, -5.738343e-01, 0, 
controlindv197, 1.000000e+00, 4.750126e+00, -8.427864e-01, 0, 
controlindv198, 1.000000e+00, 3.649216e+00, -3.133027e-01, 0, 
controlindv199, 1.000000e+00, -9.243059e-02, -3.676289e-01, 0, 
