IID, true_phens, raw_effects_prs, pval_derived_effects_prs, sex
controlindv0, 1.000000e+00, -3.112161e+00, 6.479592e-02, 0, 
controlindv1, 1.000000e+00, -1.037034e+01, 3.186220e-01, 0, 
controlindv2, 1.000000e+00, -1.318654e+01, 3.377468e-01, 0, 
controlindv3, 1.000000e+00, -8.353264e+00, 2.780926e-01, 0, 
controlindv4, 1.000000e+00, -9.468612e+00, 3.071931e-01, 0, 
controlindv5, 1.000000e+00, -7.778056e+00, 6.582841e-02, 0, 
controlindv6, 1.000000e+00, -8.281423e+00, 1.926050e-01, 0, 
controlindv7, 1.000000e+00, -7.923214e+00, 2.447556e-01, 0, 
controlindv8, 1.000000e+00, -7.760395e+00, 1.459066e-01, 0, 
controlindv9, 1.000000e+00, -8.931854e+00, 1.777179e-01, 0, 
controlindv10, 1.000000e+00, -5.173802e+00, 4.231140e-02, 0, 
controlindv11, 1.000000e+00, -9.309313e+00, 2.605251e-01, 0, 
controlindv12, 1.000000e+00, -8.292420e+00, 1.095236e-01, 0, 
controlindv13, 1.000000e+00, -7.348718e+00, 1.403882e-01, 0, 
controlindv14, 1.000000e+00, -7.367153e+00, 3.401700e-01, 0, 
controlindv15, 1.000000e+00, -5.120101e+00, 5.470004e-02, 0, 
controlindv16, 1.000000e+00, -7.643662e+00, 2.578205e-01, 0, 
controlindv17, 1.000000e+00, -1.055742e+01, 3.207949e-01, 0, 
controlindv18, 1.000000e+00, -1.060930e+01, 1.674182e-01, 0, 
controlindv19, 1.000000e+00, -5.525760e+00, 6.981838e-02, 0, 
controlindv20, 1.000000e+00, -6.682337e+00, 1.735010e-01, 0, 
controlindv21, 1.000000e+00, -6.544078e+00, 1.801862e-01, 0, 
controlindv22, 1.000000e+00, -8.830721e+00, 1.877598e-01, 0, 
controlindv23, 1.000000e+00, -8.130057e+00, -1.019234e-01, 0, 
controlindv24, 1.000000e+00, -8.144583e+00, 1.455502e-01, 0, 
controlindv25, 1.000000e+00, -4.718405e+00, 1.104830e-01, 0, 
controlindv26, 1.000000e+00, -4.840197e+00, 7.814229e-03, 0, 
controlindv27, 1.000000e+00, -6.546196e+00, 7.530151e-02, 0, 
controlindv28, 1.000000e+00, -5.004152e+00, 6.751228e-02, 0, 
controlindv29, 1.000000e+00, -9.920881e+00, 3.251370e-01, 0, 
controlindv30, 1.000000e+00, -6.002938e+00, 3.298050e-02, 0, 
controlindv31, 1.000000e+00, -6.458352e+00, 1.181847e-01, 0, 
controlindv32, 1.000000e+00, -3.510503e+00, 1.263440e-03, 0, 
controlindv33, 1.000000e+00, -6.290127e+00, 8.940674e-02, 0, 
controlindv34, 1.000000e+00, -7.047255e+00, 1.152628e-01, 0, 
controlindv35, 1.000000e+00, -5.102957e+00, 1.197545e-01, 0, 
controlindv36, 1.000000e+00, -7.324786e+00, 1.784345e-01, 0, 
controlindv37, 1.000000e+00, -6.980231e+00, 1.189076e-01, 0, 
controlindv38, 1.000000e+00, -4.962915e+00, 4.823158e-02, 0, 
controlindv39, 1.000000e+00, -7.443444e+00, 1.433668e-01, 0, 
controlindv40, 1.000000e+00, -6.173053e+00, 1.210820e-01, 0, 
controlindv41, 1.000000e+00, -2.978540e+00, 1.353441e-01, 0, 
controlindv42, 1.000000e+00, -9.227293e+00, 1.238977e-01, 0, 
controlindv43, 1.000000e+00, -8.966217e+00, 1.443397e-01, 0, 
controlindv44, 1.000000e+00, -3.976298e+00, 1.078128e-01, 0, 
controlindv45, 1.000000e+00, -7.568049e+00, 1.656967e-01, 0, 
controlindv46, 1.000000e+00, -4.527750e+00, -3.150392e-03, 0, 
controlindv47, 1.000000e+00, -8.080019e+00, 2.145809e-01, 0, 
controlindv48, 1.000000e+00, -7.776184e+00, 1.139958e-01, 0, 
controlindv49, 1.000000e+00, -8.852403e+00, 2.934578e-01, 0, 
controlindv50, 1.000000e+00, -7.491728e+00, 1.645525e-01, 0, 
controlindv51, 1.000000e+00, -8.259408e+00, 1.674597e-01, 0, 
controlindv52, 1.000000e+00, -3.220741e+00, -1.198499e-01, 0, 
controlindv53, 1.000000e+00, -2.439018e+00, -2.016889e-01, 0, 
controlindv54, 1.000000e+00, -7.827208e+00, 2.038175e-01, 0, 
controlindv55, 1.000000e+00, -8.055951e+00, 9.960712e-02, 0, 
controlindv56, 1.000000e+00, -5.002223e+00, 5.109679e-03, 0, 
controlindv57, 1.000000e+00, -3.421851e+00, 9.786271e-02, 0, 
controlindv58, 1.000000e+00, -5.116960e+00, 8.997000e-02, 0, 
controlindv59, 1.000000e+00, -7.089960e+00, 6.928630e-02, 0, 
controlindv60, 1.000000e+00, -1.156732e+01, 2.060728e-01, 0, 
controlindv61, 1.000000e+00, -8.682064e+00, 1.593021e-02, 0, 
controlindv62, 1.000000e+00, -5.635030e+00, -4.513665e-02, 0, 
controlindv63, 1.000000e+00, -6.681159e+00, 1.305764e-01, 0, 
controlindv64, 1.000000e+00, -1.139969e+01, 2.876845e-01, 0, 
controlindv65, 1.000000e+00, -1.006215e+01, 1.903821e-01, 0, 
controlindv66, 1.000000e+00, -5.524779e+00, 1.611376e-01, 0, 
controlindv67, 1.000000e+00, -3.446508e+00, -1.299278e-01, 0, 
controlindv68, 1.000000e+00, -5.517375e+00, 9.397612e-02, 0, 
controlindv69, 1.000000e+00, -7.631571e+00, 2.322506e-01, 0, 
controlindv70, 1.000000e+00, -4.314907e+00, 9.671988e-03, 0, 
controlindv71, 1.000000e+00, -7.499359e+00, 2.439154e-01, 0, 
controlindv72, 1.000000e+00, -5.467122e+00, -5.056031e-03, 0, 
controlindv73, 1.000000e+00, -9.505654e+00, 1.609015e-01, 0, 
controlindv74, 1.000000e+00, -5.019962e+00, 1.632810e-01, 0, 
controlindv75, 1.000000e+00, -6.043503e+00, 1.727403e-01, 0, 
controlindv76, 1.000000e+00, -7.036487e+00, 4.204423e-02, 0, 
controlindv77, 1.000000e+00, -6.588655e+00, -1.289565e-02, 0, 
controlindv78, 1.000000e+00, -6.279404e+00, -9.653581e-02, 0, 
controlindv79, 1.000000e+00, -7.005929e+00, 1.938462e-01, 0, 
controlindv80, 1.000000e+00, -3.116136e+00, -1.519392e-02, 0, 
controlindv81, 1.000000e+00, -2.659784e+00, -1.066520e-02, 0, 
controlindv82, 1.000000e+00, -6.652798e+00, 1.389809e-01, 0, 
controlindv83, 1.000000e+00, -1.105415e+01, 2.372159e-01, 0, 
controlindv84, 1.000000e+00, -3.834375e+00, -7.419215e-02, 0, 
controlindv85, 1.000000e+00, -2.633424e+00, -8.870645e-02, 0, 
controlindv86, 1.000000e+00, -7.288138e+00, 6.287769e-02, 0, 
controlindv87, 1.000000e+00, -1.022083e+01, 1.632772e-01, 0, 
controlindv88, 1.000000e+00, -2.992933e+00, 5.743057e-02, 0, 
controlindv89, 1.000000e+00, -2.691641e+00, 1.095431e-01, 0, 
controlindv90, 1.000000e+00, -7.903812e+00, 1.290957e-01, 0, 
controlindv91, 1.000000e+00, -5.190770e+00, 1.420709e-01, 0, 
controlindv92, 1.000000e+00, -9.458965e+00, 2.136072e-01, 0, 
controlindv93, 1.000000e+00, -5.740122e+00, 2.485049e-01, 0, 
controlindv94, 1.000000e+00, -7.188646e+00, -4.282787e-02, 0, 
controlindv95, 1.000000e+00, -5.882854e+00, 1.134878e-01, 0, 
controlindv96, 1.000000e+00, -8.058993e+00, 1.061556e-01, 0, 
controlindv97, 1.000000e+00, -1.049294e+01, 2.633508e-01, 0, 
controlindv98, 1.000000e+00, -6.273122e+00, 1.464561e-01, 0, 
controlindv99, 1.000000e+00, -9.084983e+00, 3.147909e-01, 0, 
controlindv100, 1.000000e+00, -4.535192e+00, 5.239102e-02, 0, 
controlindv101, 1.000000e+00, -9.295424e+00, 2.502021e-01, 0, 
controlindv102, 1.000000e+00, -5.335582e+00, 1.495416e-01, 0, 
controlindv103, 1.000000e+00, -9.825847e+00, 2.017843e-01, 0, 
controlindv104, 1.000000e+00, -1.105446e+01, 1.548127e-01, 0, 
controlindv105, 1.000000e+00, -3.846559e+00, 4.160995e-02, 0, 
controlindv106, 1.000000e+00, -1.913931e+00, -2.644424e-01, 0, 
controlindv107, 1.000000e+00, -7.354142e+00, 1.673075e-01, 0, 
controlindv108, 1.000000e+00, -2.760404e+00, 3.966803e-02, 0, 
controlindv109, 1.000000e+00, -7.419555e+00, 1.770337e-01, 0, 
controlindv110, 1.000000e+00, -6.233191e+00, 1.841449e-01, 0, 
controlindv111, 1.000000e+00, -4.159836e+00, -6.105204e-02, 0, 
controlindv112, 1.000000e+00, -5.210567e+00, 4.349387e-02, 0, 
controlindv113, 1.000000e+00, -4.135510e+00, -4.011221e-02, 0, 
controlindv114, 1.000000e+00, -8.364019e+00, 2.367339e-01, 0, 
controlindv115, 1.000000e+00, -4.751427e+00, 1.748796e-01, 0, 
controlindv116, 1.000000e+00, -9.107844e+00, 1.148989e-01, 0, 
controlindv117, 1.000000e+00, -4.914402e+00, 6.864355e-02, 0, 
controlindv118, 1.000000e+00, -6.415168e+00, 1.334150e-01, 0, 
controlindv119, 1.000000e+00, -5.618071e+00, 3.886699e-03, 0, 
controlindv120, 1.000000e+00, -6.318256e+00, 7.732812e-02, 0, 
controlindv121, 1.000000e+00, -5.469383e+00, 5.994781e-02, 0, 
controlindv122, 1.000000e+00, -4.123581e+00, 8.613689e-03, 0, 
controlindv123, 1.000000e+00, -5.246776e+00, 4.468000e-02, 0, 
controlindv124, 1.000000e+00, -7.223011e+00, 1.963019e-01, 0, 
controlindv125, 1.000000e+00, -6.799143e+00, 1.058557e-01, 0, 
controlindv126, 1.000000e+00, -7.824146e+00, 2.720051e-02, 0, 
controlindv127, 1.000000e+00, -7.864672e+00, 1.517677e-01, 0, 
controlindv128, 1.000000e+00, -5.861757e+00, 2.507032e-01, 0, 
controlindv129, 1.000000e+00, -4.137226e+00, 4.943295e-02, 0, 
controlindv130, 1.000000e+00, -7.172059e+00, 1.851584e-01, 0, 
controlindv131, 1.000000e+00, -2.035176e+00, -6.819865e-02, 0, 
controlindv132, 1.000000e+00, -6.156042e+00, 1.766030e-01, 0, 
controlindv133, 1.000000e+00, -5.595691e+00, -6.079994e-02, 0, 
controlindv134, 1.000000e+00, -8.674941e+00, 1.697202e-01, 0, 
controlindv135, 1.000000e+00, -4.538602e+00, 3.630253e-02, 0, 
controlindv136, 1.000000e+00, -5.936156e+00, 9.576349e-02, 0, 
controlindv137, 1.000000e+00, -6.883761e+00, 1.142996e-01, 0, 
controlindv138, 1.000000e+00, -5.826025e+00, 9.992493e-02, 0, 
controlindv139, 1.000000e+00, -6.416955e+00, 2.305281e-01, 0, 
controlindv140, 1.000000e+00, -1.017316e+01, 2.255892e-01, 0, 
controlindv141, 1.000000e+00, -6.874493e+00, 1.498484e-01, 0, 
controlindv142, 1.000000e+00, -7.252079e+00, 2.836145e-01, 0, 
controlindv143, 1.000000e+00, -2.894943e+00, -4.094466e-02, 0, 
controlindv144, 1.000000e+00, -9.435570e+00, 2.528778e-01, 0, 
controlindv145, 1.000000e+00, -9.666102e+00, 1.744593e-01, 0, 
controlindv146, 1.000000e+00, -3.735540e+00, -5.507881e-02, 0, 
controlindv147, 1.000000e+00, -4.401482e+00, -9.153140e-02, 0, 
controlindv148, 1.000000e+00, -6.098847e+00, 2.418031e-01, 0, 
controlindv149, 1.000000e+00, -8.853046e+00, 3.442167e-01, 0, 
controlindv150, 1.000000e+00, -6.898487e+00, 1.478287e-01, 0, 
controlindv151, 1.000000e+00, -4.945178e+00, 7.257592e-02, 0, 
controlindv152, 1.000000e+00, -2.976181e+00, 8.562998e-03, 0, 
controlindv153, 1.000000e+00, -3.070000e+00, -6.885373e-02, 0, 
controlindv154, 1.000000e+00, -1.014424e+01, 1.135447e-01, 0, 
controlindv155, 1.000000e+00, -6.941590e+00, 1.878356e-01, 0, 
controlindv156, 1.000000e+00, -5.161854e+00, -6.839421e-03, 0, 
controlindv157, 1.000000e+00, -6.196053e+00, 2.171563e-02, 0, 
controlindv158, 1.000000e+00, -5.694153e+00, 1.532916e-02, 0, 
controlindv159, 1.000000e+00, -7.469668e+00, 2.061751e-01, 0, 
controlindv160, 1.000000e+00, -6.395724e+00, 2.940339e-03, 0, 
controlindv161, 1.000000e+00, -1.008110e+01, 4.076716e-01, 0, 
controlindv162, 1.000000e+00, -8.264734e+00, 7.447318e-02, 0, 
controlindv163, 1.000000e+00, -5.278794e+00, -5.802796e-02, 0, 
controlindv164, 1.000000e+00, -6.373533e+00, 6.590830e-03, 0, 
controlindv165, 1.000000e+00, -1.563618e+00, -1.237414e-01, 0, 
controlindv166, 1.000000e+00, -8.577763e+00, 1.762362e-01, 0, 
controlindv167, 1.000000e+00, -3.501233e+00, -2.186430e-02, 0, 
controlindv168, 1.000000e+00, -5.088162e+00, 8.404893e-02, 0, 
controlindv169, 1.000000e+00, -5.177281e+00, 5.987702e-02, 0, 
controlindv170, 1.000000e+00, -6.370107e+00, 9.080277e-02, 0, 
controlindv171, 1.000000e+00, -9.633272e+00, 1.031040e-01, 0, 
controlindv172, 1.000000e+00, -6.398514e+00, 8.150842e-02, 0, 
controlindv173, 1.000000e+00, -8.856366e+00, 2.022411e-01, 0, 
controlindv174, 1.000000e+00, -7.573966e+00, 2.665949e-02, 0, 
controlindv175, 1.000000e+00, -6.074816e+00, -1.918436e-02, 0, 
controlindv176, 1.000000e+00, -6.699794e+00, 1.937995e-01, 0, 
controlindv177, 1.000000e+00, -6.167459e+00, 6.100342e-02, 0, 
controlindv178, 1.000000e+00, -4.489177e+00, 3.464976e-02, 0, 
controlindv179, 1.000000e+00, -4.830130e+00, 7.473143e-02, 0, 
controlindv180, 1.000000e+00, -7.415222e+00, 1.293055e-01, 0, 
controlindv181, 1.000000e+00, -8.522551e+00, 1.517949e-01, 0, 
controlindv182, 1.000000e+00, -7.004994e+00, 5.853883e-02, 0, 
controlindv183, 1.000000e+00, -7.624067e+00, -1.607530e-02, 0, 
controlindv184, 1.000000e+00, -8.060508e+00, 1.544632e-01, 0, 
controlindv185, 1.000000e+00, -3.903187e+00, -3.031859e-02, 0, 
controlindv186, 1.000000e+00, -2.157749e+00, 2.721796e-02, 0, 
controlindv187, 1.000000e+00, -5.342072e+00, 8.769440e-02, 0, 
controlindv188, 1.000000e+00, -6.755573e+00, 2.336235e-01, 0, 
controlindv189, 1.000000e+00, -5.015362e+00, -1.610132e-01, 0, 
controlindv190, 1.000000e+00, -6.350674e+00, 1.424343e-01, 0, 
controlindv191, 1.000000e+00, -4.868466e+00, -1.299288e-02, 0, 
controlindv192, 1.000000e+00, -5.171726e+00, 5.780058e-02, 0, 
controlindv193, 1.000000e+00, -4.790240e+00, 7.751474e-02, 0, 
controlindv194, 1.000000e+00, -4.881440e+00, -1.428574e-01, 0, 
controlindv195, 1.000000e+00, -7.072005e+00, 1.812656e-01, 0, 
controlindv196, 1.000000e+00, -9.354641e+00, 1.452920e-01, 0, 
controlindv197, 1.000000e+00, -4.078058e+00, 8.864037e-02, 0, 
controlindv198, 1.000000e+00, -7.080490e+00, 8.319296e-02, 0, 
controlindv199, 1.000000e+00, -6.700682e+00, 1.329842e-01, 0, 
caseindv0, 2.000000e+00, -3.112161e+00, 6.479592e-02, 0, 
caseindv1, 2.000000e+00, -1.037034e+01, 3.186220e-01, 0, 
caseindv2, 2.000000e+00, -1.318654e+01, 3.377468e-01, 0, 
caseindv3, 2.000000e+00, -8.353264e+00, 2.780926e-01, 0, 
caseindv4, 2.000000e+00, -9.468612e+00, 3.071931e-01, 0, 
caseindv5, 2.000000e+00, -7.778056e+00, 6.582841e-02, 0, 
caseindv6, 2.000000e+00, -8.281423e+00, 1.926050e-01, 0, 
caseindv7, 2.000000e+00, -7.923214e+00, 2.447556e-01, 0, 
caseindv8, 2.000000e+00, -7.760395e+00, 1.459066e-01, 0, 
caseindv9, 2.000000e+00, -8.931854e+00, 1.777179e-01, 0, 
caseindv10, 2.000000e+00, -5.173802e+00, 4.231140e-02, 0, 
caseindv11, 2.000000e+00, -9.309313e+00, 2.605251e-01, 0, 
caseindv12, 2.000000e+00, -8.292420e+00, 1.095236e-01, 0, 
caseindv13, 2.000000e+00, -7.348718e+00, 1.403882e-01, 0, 
caseindv14, 2.000000e+00, -7.367153e+00, 3.401700e-01, 0, 
caseindv15, 2.000000e+00, -5.120101e+00, 5.470004e-02, 0, 
caseindv16, 2.000000e+00, -7.643662e+00, 2.578205e-01, 0, 
caseindv17, 2.000000e+00, -1.055742e+01, 3.207949e-01, 0, 
caseindv18, 2.000000e+00, -1.060930e+01, 1.674182e-01, 0, 
caseindv19, 2.000000e+00, -5.525760e+00, 6.981838e-02, 0, 
caseindv20, 2.000000e+00, -6.682337e+00, 1.735010e-01, 0, 
caseindv21, 2.000000e+00, -6.544078e+00, 1.801862e-01, 0, 
caseindv22, 2.000000e+00, -8.830721e+00, 1.877598e-01, 0, 
caseindv23, 2.000000e+00, -8.130057e+00, -1.019234e-01, 0, 
caseindv24, 2.000000e+00, -8.144583e+00, 1.455502e-01, 0, 
caseindv25, 2.000000e+00, -4.718405e+00, 1.104830e-01, 0, 
caseindv26, 2.000000e+00, -4.840197e+00, 7.814229e-03, 0, 
caseindv27, 2.000000e+00, -6.546196e+00, 7.530151e-02, 0, 
caseindv28, 2.000000e+00, -5.004152e+00, 6.751228e-02, 0, 
caseindv29, 2.000000e+00, -9.920881e+00, 3.251370e-01, 0, 
caseindv30, 2.000000e+00, -6.002938e+00, 3.298050e-02, 0, 
caseindv31, 2.000000e+00, -6.458352e+00, 1.181847e-01, 0, 
caseindv32, 2.000000e+00, -3.510503e+00, 1.263440e-03, 0, 
caseindv33, 2.000000e+00, -6.290127e+00, 8.940674e-02, 0, 
caseindv34, 2.000000e+00, -7.047255e+00, 1.152628e-01, 0, 
caseindv35, 2.000000e+00, -5.102957e+00, 1.197545e-01, 0, 
caseindv36, 2.000000e+00, -7.324786e+00, 1.784345e-01, 0, 
caseindv37, 2.000000e+00, -6.980231e+00, 1.189076e-01, 0, 
caseindv38, 2.000000e+00, -4.962915e+00, 4.823158e-02, 0, 
caseindv39, 2.000000e+00, -7.443444e+00, 1.433668e-01, 0, 
caseindv40, 2.000000e+00, -6.173053e+00, 1.210820e-01, 0, 
caseindv41, 2.000000e+00, -2.978540e+00, 1.353441e-01, 0, 
caseindv42, 2.000000e+00, -9.227293e+00, 1.238977e-01, 0, 
caseindv43, 2.000000e+00, -8.966217e+00, 1.443397e-01, 0, 
caseindv44, 2.000000e+00, -3.976298e+00, 1.078128e-01, 0, 
caseindv45, 2.000000e+00, -7.568049e+00, 1.656967e-01, 0, 
caseindv46, 2.000000e+00, -4.527750e+00, -3.150392e-03, 0, 
caseindv47, 2.000000e+00, -8.080019e+00, 2.145809e-01, 0, 
caseindv48, 2.000000e+00, -7.776184e+00, 1.139958e-01, 0, 
caseindv49, 2.000000e+00, -8.852403e+00, 2.934578e-01, 0, 
caseindv50, 2.000000e+00, -7.491728e+00, 1.645525e-01, 0, 
caseindv51, 2.000000e+00, -8.259408e+00, 1.674597e-01, 0, 
caseindv52, 2.000000e+00, -3.220741e+00, -1.198499e-01, 0, 
caseindv53, 2.000000e+00, -2.439018e+00, -2.016889e-01, 0, 
caseindv54, 2.000000e+00, -7.827208e+00, 2.038175e-01, 0, 
caseindv55, 2.000000e+00, -8.055951e+00, 9.960712e-02, 0, 
caseindv56, 2.000000e+00, -5.002223e+00, 5.109679e-03, 0, 
caseindv57, 2.000000e+00, -3.421851e+00, 9.786271e-02, 0, 
caseindv58, 2.000000e+00, -5.116960e+00, 8.997000e-02, 0, 
caseindv59, 2.000000e+00, -7.089960e+00, 6.928630e-02, 0, 
caseindv60, 2.000000e+00, -1.156732e+01, 2.060728e-01, 0, 
caseindv61, 2.000000e+00, -8.682064e+00, 1.593021e-02, 0, 
caseindv62, 2.000000e+00, -5.635030e+00, -4.513665e-02, 0, 
caseindv63, 2.000000e+00, -6.681159e+00, 1.305764e-01, 0, 
caseindv64, 2.000000e+00, -1.139969e+01, 2.876845e-01, 0, 
caseindv65, 2.000000e+00, -1.006215e+01, 1.903821e-01, 0, 
caseindv66, 2.000000e+00, -5.524779e+00, 1.611376e-01, 0, 
caseindv67, 2.000000e+00, -3.446508e+00, -1.299278e-01, 0, 
caseindv68, 2.000000e+00, -5.517375e+00, 9.397612e-02, 0, 
caseindv69, 2.000000e+00, -7.631571e+00, 2.322506e-01, 0, 
caseindv70, 2.000000e+00, -4.314907e+00, 9.671988e-03, 0, 
caseindv71, 2.000000e+00, -7.499359e+00, 2.439154e-01, 0, 
caseindv72, 2.000000e+00, -5.467122e+00, -5.056031e-03, 0, 
caseindv73, 2.000000e+00, -9.505654e+00, 1.609015e-01, 0, 
caseindv74, 2.000000e+00, -5.019962e+00, 1.632810e-01, 0, 
caseindv75, 2.000000e+00, -6.043503e+00, 1.727403e-01, 0, 
caseindv76, 2.000000e+00, -7.036487e+00, 4.204423e-02, 0, 
caseindv77, 2.000000e+00, -6.588655e+00, -1.289565e-02, 0, 
caseindv78, 2.000000e+00, -6.279404e+00, -9.653581e-02, 0, 
caseindv79, 2.000000e+00, -7.005929e+00, 1.938462e-01, 0, 
caseindv80, 2.000000e+00, -3.116136e+00, -1.519392e-02, 0, 
caseindv81, 2.000000e+00, -2.659784e+00, -1.066520e-02, 0, 
caseindv82, 2.000000e+00, -6.652798e+00, 1.389809e-01, 0, 
caseindv83, 2.000000e+00, -1.105415e+01, 2.372159e-01, 0, 
caseindv84, 2.000000e+00, -3.834375e+00, -7.419215e-02, 0, 
caseindv85, 2.000000e+00, -2.633424e+00, -8.870645e-02, 0, 
caseindv86, 2.000000e+00, -7.288138e+00, 6.287769e-02, 0, 
caseindv87, 2.000000e+00, -1.022083e+01, 1.632772e-01, 0, 
caseindv88, 2.000000e+00, -2.992933e+00, 5.743057e-02, 0, 
caseindv89, 2.000000e+00, -2.691641e+00, 1.095431e-01, 0, 
caseindv90, 2.000000e+00, -7.903812e+00, 1.290957e-01, 0, 
caseindv91, 2.000000e+00, -5.190770e+00, 1.420709e-01, 0, 
caseindv92, 2.000000e+00, -9.458965e+00, 2.136072e-01, 0, 
caseindv93, 2.000000e+00, -5.740122e+00, 2.485049e-01, 0, 
caseindv94, 2.000000e+00, -7.188646e+00, -4.282787e-02, 0, 
caseindv95, 2.000000e+00, -5.882854e+00, 1.134878e-01, 0, 
caseindv96, 2.000000e+00, -8.058993e+00, 1.061556e-01, 0, 
caseindv97, 2.000000e+00, -1.049294e+01, 2.633508e-01, 0, 
caseindv98, 2.000000e+00, -6.273122e+00, 1.464561e-01, 0, 
caseindv99, 2.000000e+00, -9.084983e+00, 3.147909e-01, 0, 
caseindv100, 2.000000e+00, -4.535192e+00, 5.239102e-02, 0, 
caseindv101, 2.000000e+00, -9.295424e+00, 2.502021e-01, 0, 
caseindv102, 2.000000e+00, -5.335582e+00, 1.495416e-01, 0, 
caseindv103, 2.000000e+00, -9.825847e+00, 2.017843e-01, 0, 
caseindv104, 2.000000e+00, -1.105446e+01, 1.548127e-01, 0, 
caseindv105, 2.000000e+00, -3.846559e+00, 4.160995e-02, 0, 
caseindv106, 2.000000e+00, -1.913931e+00, -2.644424e-01, 0, 
caseindv107, 2.000000e+00, -7.354142e+00, 1.673075e-01, 0, 
caseindv108, 2.000000e+00, -2.760404e+00, 3.966803e-02, 0, 
caseindv109, 2.000000e+00, -7.419555e+00, 1.770337e-01, 0, 
caseindv110, 2.000000e+00, -6.233191e+00, 1.841449e-01, 0, 
caseindv111, 2.000000e+00, -4.159836e+00, -6.105204e-02, 0, 
caseindv112, 2.000000e+00, -5.210567e+00, 4.349387e-02, 0, 
caseindv113, 2.000000e+00, -4.135510e+00, -4.011221e-02, 0, 
caseindv114, 2.000000e+00, -8.364019e+00, 2.367339e-01, 0, 
caseindv115, 2.000000e+00, -4.751427e+00, 1.748796e-01, 0, 
caseindv116, 2.000000e+00, -9.107844e+00, 1.148989e-01, 0, 
caseindv117, 2.000000e+00, -4.914402e+00, 6.864355e-02, 0, 
caseindv118, 2.000000e+00, -6.415168e+00, 1.334150e-01, 0, 
caseindv119, 2.000000e+00, -5.618071e+00, 3.886699e-03, 0, 
caseindv120, 2.000000e+00, -6.318256e+00, 7.732812e-02, 0, 
caseindv121, 2.000000e+00, -5.469383e+00, 5.994781e-02, 0, 
caseindv122, 2.000000e+00, -4.123581e+00, 8.613689e-03, 0, 
caseindv123, 2.000000e+00, -5.246776e+00, 4.468000e-02, 0, 
caseindv124, 2.000000e+00, -7.223011e+00, 1.963019e-01, 0, 
caseindv125, 2.000000e+00, -6.799143e+00, 1.058557e-01, 0, 
caseindv126, 2.000000e+00, -7.824146e+00, 2.720051e-02, 0, 
caseindv127, 2.000000e+00, -7.864672e+00, 1.517677e-01, 0, 
caseindv128, 2.000000e+00, -5.861757e+00, 2.507032e-01, 0, 
caseindv129, 2.000000e+00, -4.137226e+00, 4.943295e-02, 0, 
caseindv130, 2.000000e+00, -7.172059e+00, 1.851584e-01, 0, 
caseindv131, 2.000000e+00, -2.035176e+00, -6.819865e-02, 0, 
caseindv132, 2.000000e+00, -6.156042e+00, 1.766030e-01, 0, 
caseindv133, 2.000000e+00, -5.595691e+00, -6.079994e-02, 0, 
caseindv134, 2.000000e+00, -8.674941e+00, 1.697202e-01, 0, 
caseindv135, 2.000000e+00, -4.538602e+00, 3.630253e-02, 0, 
caseindv136, 2.000000e+00, -5.936156e+00, 9.576349e-02, 0, 
caseindv137, 2.000000e+00, -6.883761e+00, 1.142996e-01, 0, 
caseindv138, 2.000000e+00, -5.826025e+00, 9.992493e-02, 0, 
caseindv139, 2.000000e+00, -6.416955e+00, 2.305281e-01, 0, 
caseindv140, 2.000000e+00, -1.017316e+01, 2.255892e-01, 0, 
caseindv141, 2.000000e+00, -6.874493e+00, 1.498484e-01, 0, 
caseindv142, 2.000000e+00, -7.252079e+00, 2.836145e-01, 0, 
caseindv143, 2.000000e+00, -2.894943e+00, -4.094466e-02, 0, 
caseindv144, 2.000000e+00, -9.435570e+00, 2.528778e-01, 0, 
caseindv145, 2.000000e+00, -9.666102e+00, 1.744593e-01, 0, 
caseindv146, 2.000000e+00, -3.735540e+00, -5.507881e-02, 0, 
caseindv147, 2.000000e+00, -4.401482e+00, -9.153140e-02, 0, 
caseindv148, 2.000000e+00, -6.098847e+00, 2.418031e-01, 0, 
caseindv149, 2.000000e+00, -8.853046e+00, 3.442167e-01, 0, 
caseindv150, 2.000000e+00, -6.898487e+00, 1.478287e-01, 0, 
caseindv151, 2.000000e+00, -4.945178e+00, 7.257592e-02, 0, 
caseindv152, 2.000000e+00, -2.976181e+00, 8.562998e-03, 0, 
caseindv153, 2.000000e+00, -3.070000e+00, -6.885373e-02, 0, 
caseindv154, 2.000000e+00, -1.014424e+01, 1.135447e-01, 0, 
caseindv155, 2.000000e+00, -6.941590e+00, 1.878356e-01, 0, 
caseindv156, 2.000000e+00, -5.161854e+00, -6.839421e-03, 0, 
caseindv157, 2.000000e+00, -6.196053e+00, 2.171563e-02, 0, 
caseindv158, 2.000000e+00, -5.694153e+00, 1.532916e-02, 0, 
caseindv159, 2.000000e+00, -7.469668e+00, 2.061751e-01, 0, 
caseindv160, 2.000000e+00, -6.395724e+00, 2.940339e-03, 0, 
caseindv161, 2.000000e+00, -1.008110e+01, 4.076716e-01, 0, 
caseindv162, 2.000000e+00, -8.264734e+00, 7.447318e-02, 0, 
caseindv163, 2.000000e+00, -5.278794e+00, -5.802796e-02, 0, 
caseindv164, 2.000000e+00, -6.373533e+00, 6.590830e-03, 0, 
caseindv165, 2.000000e+00, -1.563618e+00, -1.237414e-01, 0, 
caseindv166, 2.000000e+00, -8.577763e+00, 1.762362e-01, 0, 
caseindv167, 2.000000e+00, -3.501233e+00, -2.186430e-02, 0, 
caseindv168, 2.000000e+00, -5.088162e+00, 8.404893e-02, 0, 
caseindv169, 2.000000e+00, -5.177281e+00, 5.987702e-02, 0, 
caseindv170, 2.000000e+00, -6.370107e+00, 9.080277e-02, 0, 
caseindv171, 2.000000e+00, -9.633272e+00, 1.031040e-01, 0, 
caseindv172, 2.000000e+00, -6.398514e+00, 8.150842e-02, 0, 
caseindv173, 2.000000e+00, -8.856366e+00, 2.022411e-01, 0, 
caseindv174, 2.000000e+00, -7.573966e+00, 2.665949e-02, 0, 
caseindv175, 2.000000e+00, -6.074816e+00, -1.918436e-02, 0, 
caseindv176, 2.000000e+00, -6.699794e+00, 1.937995e-01, 0, 
caseindv177, 2.000000e+00, -6.167459e+00, 6.100342e-02, 0, 
caseindv178, 2.000000e+00, -4.489177e+00, 3.464976e-02, 0, 
caseindv179, 2.000000e+00, -4.830130e+00, 7.473143e-02, 0, 
caseindv180, 2.000000e+00, -7.415222e+00, 1.293055e-01, 0, 
caseindv181, 2.000000e+00, -8.522551e+00, 1.517949e-01, 0, 
caseindv182, 2.000000e+00, -7.004994e+00, 5.853883e-02, 0, 
caseindv183, 2.000000e+00, -7.624067e+00, -1.607530e-02, 0, 
caseindv184, 2.000000e+00, -8.060508e+00, 1.544632e-01, 0, 
caseindv185, 2.000000e+00, -3.903187e+00, -3.031859e-02, 0, 
caseindv186, 2.000000e+00, -2.157749e+00, 2.721796e-02, 0, 
caseindv187, 2.000000e+00, -5.342072e+00, 8.769440e-02, 0, 
caseindv188, 2.000000e+00, -6.755573e+00, 2.336235e-01, 0, 
caseindv189, 2.000000e+00, -5.015362e+00, -1.610132e-01, 0, 
caseindv190, 2.000000e+00, -6.350674e+00, 1.424343e-01, 0, 
caseindv191, 2.000000e+00, -4.868466e+00, -1.299288e-02, 0, 
caseindv192, 2.000000e+00, -5.171726e+00, 5.780058e-02, 0, 
caseindv193, 2.000000e+00, -4.790240e+00, 7.751474e-02, 0, 
caseindv194, 2.000000e+00, -4.881440e+00, -1.428574e-01, 0, 
caseindv195, 2.000000e+00, -7.072005e+00, 1.812656e-01, 0, 
caseindv196, 2.000000e+00, -9.354641e+00, 1.452920e-01, 0, 
caseindv197, 2.000000e+00, -4.078058e+00, 8.864037e-02, 0, 
caseindv198, 2.000000e+00, -7.080490e+00, 8.319296e-02, 0, 
caseindv199, 2.000000e+00, -6.700682e+00, 1.329842e-01, 0, 
