IID RAW_PRS PRS PHENO
controlindv0 0.4818551 -0.3998196 1
controlindv1 -8.023297 0.06434284 1
controlindv2 -8.176937 -0.1631247 1
controlindv3 -5.637796 -0.2560879 1
controlindv4 -4.8274954 0.1014283 1
controlindv5 -0.820040000000001 -0.3330602 1
controlindv6 -5.0745175 0.0822139999999999 1
controlindv7 -8.531377 0.35924866 1
controlindv8 -4.2408638 0.06031773 1
controlindv9 -12.357252 0.543456 1
controlindv10 2.353723 -0.2720293 1
controlindv11 -2.8816734 -0.2028562 1
controlindv12 0.550121000000001 -0.495483 1
controlindv13 -5.3236942 -0.2936755 1
controlindv14 -12.8970331 0.65546655 1
controlindv15 -0.8370086 -0.7614388 1
controlindv16 -0.312448000000001 -0.1265585 1
controlindv17 -6.051764 0.2122685 1
controlindv18 -12.015932 0.42028376 1
controlindv19 0.67628996 -0.4513835 1
controlindv20 -7.384585 0.09817017 1
controlindv21 -5.0598614 -0.3597376 1
controlindv22 -2.727799 -0.3771585 1
controlindv23 -7.8806889 0.0352301 1
controlindv24 -5.3538006 0.0155477 1
controlindv25 1.6090009 -0.822641 1
controlindv26 -1.584953 -0.28450276 1
controlindv27 -2.093926 -0.3497894 1
controlindv28 -5.3420816 -0.3730855 1
controlindv29 -3.538592 -0.2314034 1
controlindv30 1.864958 -0.8769057 1
controlindv31 -5.115101 0.14210424 1
controlindv32 -2.997247 -0.35138905 1
controlindv33 -1.35275 -0.2926975 1
controlindv34 -0.6488 -0.41761625 1
controlindv35 -3.331161 -0.16540997 1
controlindv36 -2.808779 -0.02188167 1
controlindv37 -3.210239 0.192509 1
controlindv38 2.57818 -0.5016936 1
controlindv39 2.43222743 -0.7246417 1
controlindv40 -0.208641 -0.5987609 1
controlindv41 0.3405703 -0.4392518 1
controlindv42 -8.691364 0.3465418 1
controlindv43 -3.732135 -0.3220055 1
controlindv44 -0.0796030000000005 -0.3345787 1
controlindv45 -2.936553 -0.3551571 1
controlindv46 1.557572 -0.5310702 1
controlindv47 -3.616255 -0.3292981 1
controlindv48 -2.5994451 -0.6249633 1
controlindv49 -0.870420000000001 -0.0777734999999999 1
controlindv50 -6.081939 -0.01683843 1
controlindv51 -0.571241000000001 -0.7389102 1
controlindv52 3.211909 -0.9064924 1
controlindv53 2.69685671 -0.69039225031 1
controlindv54 0.816567 -0.3982608 1
controlindv55 -6.53194077 0.1612179 1
controlindv56 0.750671 -0.3404571 1
controlindv57 -0.560386 -0.17806846 1
controlindv58 2.21485 -0.3958841 1
controlindv59 1.678417 -0.8156653 1
controlindv60 -7.660395 -0.0716969 1
controlindv61 -5.5521679 -0.4392033 1
controlindv62 -5.948741 -0.2907606 1
controlindv63 -1.757022 0.1989307 1
controlindv64 -9.6691757 0.0800688999999999 1
controlindv65 3.628246 -0.4185461 1
controlindv66 4.966707 -0.4172812 1
controlindv67 0.00640000000000018 -0.5644174 1
controlindv68 0.366766899999999 -0.05894951 1
controlindv69 -1.3557392 0.11885783 1
controlindv70 -1.397787 -0.26558067 1
controlindv71 -3.273673 0.0880706000000001 1
controlindv72 2.141095 -0.7087287 1
controlindv73 -5.95592532 0.0296528999999999 1
controlindv74 0.44365 -0.20556081 1
controlindv75 -5.437134 0.1914093 1
controlindv76 -5.977385 -0.09533906 1
controlindv77 0.266094 -0.5046618 1
controlindv78 2.559829 -0.4783806 1
controlindv79 1.001324 -0.3899053 1
controlindv80 -1.038117 -0.1963443 1
controlindv81 3.273982 -0.7338648 1
controlindv82 4.677036 -0.4447641 1
controlindv83 -10.180553 0.53032588 1
controlindv84 -1.06983964 -0.4061043 1
controlindv85 -4.562372 0.0942084 1
controlindv86 -2.262156 0.1405178 1
controlindv87 -3.971587 -0.4920182 1
controlindv88 5.910607 -0.5721871 1
controlindv89 -3.299311 0.1754027 1
controlindv90 -8.9502893 0.37153246 1
controlindv91 0.4790771 -0.1722163 1
controlindv92 -9.482189 0.14414676 1
controlindv93 -2.3818188 -0.0375915000000001 1
controlindv94 0.8523646 -0.4596245 1
controlindv95 -3.6766957 -0.1845609 1
controlindv96 -5.70562115 -0.4058835 1
controlindv97 -2.896863 0.00046215000000005 1
controlindv98 1.845435 -0.8008591 1
controlindv99 -1.471089 -0.174105 1
controlindv100 3.3950973 -0.6185804 1
controlindv101 -5.3976169 0.0410942 1
controlindv102 0.878074100000001 0.02402517 1
controlindv103 -6.7280354 0.13385735 1
controlindv104 -6.340697 -0.2504678 1
controlindv105 6.501106 -0.8581687 1
controlindv106 3.3558143 -0.75065145 1
controlindv107 -6.503681 -0.30022303 1
controlindv108 -3.027623 -0.22262581 1
controlindv109 -3.4432329 -0.12435284 1
controlindv110 -5.080261 0.1028045 1
controlindv111 2.391288 -0.7848782 1
controlindv112 2.136008 -0.6545726 1
controlindv113 6.014309 -0.99248882 1
controlindv114 -2.711908 -0.1054839 1
controlindv115 3.485873 -0.3299372 1
controlindv116 -5.2425869 0.022530765 1
controlindv117 4.039285 -0.5920303 1
controlindv118 0.0396115999999989 -0.4418686 1
controlindv119 0.93407 -0.46710394 1
controlindv120 -2.221526 0.0079956599999999 1
controlindv121 2.631877 -0.6011887 1
controlindv122 1.1775779 -0.6104799 1
controlindv123 -0.4824443 -0.5769848 1
controlindv124 -3.278832 -0.000158000000000075 1
controlindv125 0.476724 -0.3345364 1
controlindv126 -1.331166 -0.10431257 1
controlindv127 -5.909767 -0.4714176 1
controlindv128 2.406417 0.0240549 1
controlindv129 2.740721 -0.7606725 1
controlindv130 -3.19093653 0.0702632 1
controlindv131 1.3489822 -0.614282 1
controlindv132 -1.199388 -0.15199963 1
controlindv133 -0.505983000000001 -0.5937425 1
controlindv134 -2.546537 -0.25742738 1
controlindv135 0.9849642 -0.24417312 1
controlindv136 0.2803774 -0.4198142 1
controlindv137 -0.126595 -0.4207393 1
controlindv138 -0.1177267 -0.8286753 1
controlindv139 2.48714685 -0.3230687 1
controlindv140 -8.3499088 0.2399394 1
controlindv141 -3.5762431 -0.2926621 1
controlindv142 -2.443041 0.213844 1
controlindv143 1.9307194 -0.02635359 1
controlindv144 -7.3283976 -0.0570282 1
controlindv145 -4.5251769 -0.0318845 1
controlindv146 1.1666268 -0.29471314 1
controlindv147 -3.0902562 -0.3128844 1
controlindv148 1.5512898 -0.4297671 1
controlindv149 0.0319349999999989 -0.4355299 1
controlindv150 -3.795996 0.0345315 1
controlindv151 -4.7033214 0.05856113 1
controlindv152 5.956885 -0.88719021 1
controlindv153 4.368128 -0.7851296 1
controlindv154 -6.436527 0.025273 1
controlindv155 -3.0564168 -0.0714266 1
controlindv156 -4.2623501 -0.2027224 1
controlindv157 0.459227 -0.7633509 1
controlindv158 4.258003 -0.9037011 1
controlindv159 -1.987327 -0.1929798 1
controlindv160 2.84594 -0.5766004 1
controlindv161 -4.2121696 0.0385972999999999 1
controlindv162 0.099886699999999 -0.34738815 1
controlindv163 3.3207874 -0.7711365 1
controlindv164 -0.710327 -0.1733537 1
controlindv165 0.9149998 -0.50598732 1
controlindv166 -5.0096172 -0.0912422 1
controlindv167 3.3653717 -0.4005148 1
controlindv168 0.635678 -0.6938042 1
controlindv169 0.791945000000001 -0.5404699 1
controlindv170 4.064206 -0.4693575 1
controlindv171 -4.158206 -0.3054043 1
controlindv172 -3.54752 -0.507684 1
controlindv173 -0.466068999999999 -0.1804603 1
controlindv174 2.826806 -0.48329195 1
controlindv175 2.4655832 -0.3826169 1
controlindv176 -9.510275 0.4853335 1
controlindv177 1.244603 -0.3028092 1
controlindv178 4.493118 -0.8759792 1
controlindv179 -3.077358 -0.2688936 1
controlindv180 -1.997687 -0.28132234 1
controlindv181 0.220389 -0.6284475 1
controlindv182 -3.179149 -0.3468291 1
controlindv183 -6.941632 0.02413058 1
controlindv184 -3.637233 -0.1565772 1
controlindv185 5.640418 -0.7796432 1
controlindv186 1.36535 -0.381155761 1
controlindv187 -3.3300108 -0.0487571000000001 1
controlindv188 -7.50428 0.26297551 1
controlindv189 -2.3901155 -0.4932032 1
controlindv190 1.606297 -0.4197762 1
controlindv191 -2.69905 -0.38612429 1
controlindv192 1.378876 -0.47159747 1
controlindv193 -0.407642800000001 -0.5552352 1
controlindv194 0.468847 -0.4804019 1
controlindv195 2.705737 -0.4325781 1
controlindv196 -6.71445964 -0.1929767 1
controlindv197 0.0851894999999994 -0.054873336 1
controlindv198 -1.745777 -0.482007 1
controlindv199 1.305739 -0.5912227 1
caseindv0 0.4818551 -0.3998196 2
caseindv1 -8.023297 0.06434284 2
caseindv2 -8.176937 -0.1631247 2
caseindv3 -5.637796 -0.2560879 2
caseindv4 -4.8274954 0.1014283 2
caseindv5 -0.820040000000001 -0.3330602 2
caseindv6 -5.0745175 0.0822139999999999 2
caseindv7 -8.531377 0.35924866 2
caseindv8 -4.2408638 0.06031773 2
caseindv9 -12.357252 0.543456 2
caseindv10 2.353723 -0.2720293 2
caseindv11 -2.8816734 -0.2028562 2
caseindv12 0.550121000000001 -0.495483 2
caseindv13 -5.3236942 -0.2936755 2
caseindv14 -12.8970331 0.65546655 2
caseindv15 -0.8370086 -0.7614388 2
caseindv16 -0.312448000000001 -0.1265585 2
caseindv17 -6.051764 0.2122685 2
caseindv18 -12.015932 0.42028376 2
caseindv19 0.67628996 -0.4513835 2
caseindv20 -7.384585 0.09817017 2
caseindv21 -5.0598614 -0.3597376 2
caseindv22 -2.727799 -0.3771585 2
caseindv23 -7.8806889 0.0352301 2
caseindv24 -5.3538006 0.0155477 2
caseindv25 1.6090009 -0.822641 2
caseindv26 -1.584953 -0.28450276 2
caseindv27 -2.093926 -0.3497894 2
caseindv28 -5.3420816 -0.3730855 2
caseindv29 -3.538592 -0.2314034 2
caseindv30 1.864958 -0.8769057 2
caseindv31 -5.115101 0.14210424 2
caseindv32 -2.997247 -0.35138905 2
caseindv33 -1.35275 -0.2926975 2
caseindv34 -0.6488 -0.41761625 2
caseindv35 -3.331161 -0.16540997 2
caseindv36 -2.808779 -0.02188167 2
caseindv37 -3.210239 0.192509 2
caseindv38 2.57818 -0.5016936 2
caseindv39 2.43222743 -0.7246417 2
caseindv40 -0.208641 -0.5987609 2
caseindv41 0.3405703 -0.4392518 2
caseindv42 -8.691364 0.3465418 2
caseindv43 -3.732135 -0.3220055 2
caseindv44 -0.0796030000000005 -0.3345787 2
caseindv45 -2.936553 -0.3551571 2
caseindv46 1.557572 -0.5310702 2
caseindv47 -3.616255 -0.3292981 2
caseindv48 -2.5994451 -0.6249633 2
caseindv49 -0.870420000000001 -0.0777734999999999 2
caseindv50 -6.081939 -0.01683843 2
caseindv51 -0.571241000000001 -0.7389102 2
caseindv52 3.211909 -0.9064924 2
caseindv53 2.69685671 -0.69039225031 2
caseindv54 0.816567 -0.3982608 2
caseindv55 -6.53194077 0.1612179 2
caseindv56 0.750671 -0.3404571 2
caseindv57 -0.560386 -0.17806846 2
caseindv58 2.21485 -0.3958841 2
caseindv59 1.678417 -0.8156653 2
caseindv60 -7.660395 -0.0716969 2
caseindv61 -5.5521679 -0.4392033 2
caseindv62 -5.948741 -0.2907606 2
caseindv63 -1.757022 0.1989307 2
caseindv64 -9.6691757 0.0800688999999999 2
caseindv65 3.628246 -0.4185461 2
caseindv66 4.966707 -0.4172812 2
caseindv67 0.00640000000000018 -0.5644174 2
caseindv68 0.366766899999999 -0.05894951 2
caseindv69 -1.3557392 0.11885783 2
caseindv70 -1.397787 -0.26558067 2
caseindv71 -3.273673 0.0880706000000001 2
caseindv72 2.141095 -0.7087287 2
caseindv73 -5.95592532 0.0296528999999999 2
caseindv74 0.44365 -0.20556081 2
caseindv75 -5.437134 0.1914093 2
caseindv76 -5.977385 -0.09533906 2
caseindv77 0.266094 -0.5046618 2
caseindv78 2.559829 -0.4783806 2
caseindv79 1.001324 -0.3899053 2
caseindv80 -1.038117 -0.1963443 2
caseindv81 3.273982 -0.7338648 2
caseindv82 4.677036 -0.4447641 2
caseindv83 -10.180553 0.53032588 2
caseindv84 -1.06983964 -0.4061043 2
caseindv85 -4.562372 0.0942084 2
caseindv86 -2.262156 0.1405178 2
caseindv87 -3.971587 -0.4920182 2
caseindv88 5.910607 -0.5721871 2
caseindv89 -3.299311 0.1754027 2
caseindv90 -8.9502893 0.37153246 2
caseindv91 0.4790771 -0.1722163 2
caseindv92 -9.482189 0.14414676 2
caseindv93 -2.3818188 -0.0375915000000001 2
caseindv94 0.8523646 -0.4596245 2
caseindv95 -3.6766957 -0.1845609 2
caseindv96 -5.70562115 -0.4058835 2
caseindv97 -2.896863 0.00046215000000005 2
caseindv98 1.845435 -0.8008591 2
caseindv99 -1.471089 -0.174105 2
caseindv100 3.3950973 -0.6185804 2
caseindv101 -5.3976169 0.0410942 2
caseindv102 0.878074100000001 0.02402517 2
caseindv103 -6.7280354 0.13385735 2
caseindv104 -6.340697 -0.2504678 2
caseindv105 6.501106 -0.8581687 2
caseindv106 3.3558143 -0.75065145 2
caseindv107 -6.503681 -0.30022303 2
caseindv108 -3.027623 -0.22262581 2
caseindv109 -3.4432329 -0.12435284 2
caseindv110 -5.080261 0.1028045 2
caseindv111 2.391288 -0.7848782 2
caseindv112 2.136008 -0.6545726 2
caseindv113 6.014309 -0.99248882 2
caseindv114 -2.711908 -0.1054839 2
caseindv115 3.485873 -0.3299372 2
caseindv116 -5.2425869 0.022530765 2
caseindv117 4.039285 -0.5920303 2
caseindv118 0.0396115999999989 -0.4418686 2
caseindv119 0.93407 -0.46710394 2
caseindv120 -2.221526 0.0079956599999999 2
caseindv121 2.631877 -0.6011887 2
caseindv122 1.1775779 -0.6104799 2
caseindv123 -0.4824443 -0.5769848 2
caseindv124 -3.278832 -0.000158000000000075 2
caseindv125 0.476724 -0.3345364 2
caseindv126 -1.331166 -0.10431257 2
caseindv127 -5.909767 -0.4714176 2
caseindv128 2.406417 0.0240549 2
caseindv129 2.740721 -0.7606725 2
caseindv130 -3.19093653 0.0702632 2
caseindv131 1.3489822 -0.614282 2
caseindv132 -1.199388 -0.15199963 2
caseindv133 -0.505983000000001 -0.5937425 2
caseindv134 -2.546537 -0.25742738 2
caseindv135 0.9849642 -0.24417312 2
caseindv136 0.2803774 -0.4198142 2
caseindv137 -0.126595 -0.4207393 2
caseindv138 -0.1177267 -0.8286753 2
caseindv139 2.48714685 -0.3230687 2
caseindv140 -8.3499088 0.2399394 2
caseindv141 -3.5762431 -0.2926621 2
caseindv142 -2.443041 0.213844 2
caseindv143 1.9307194 -0.02635359 2
caseindv144 -7.3283976 -0.0570282 2
caseindv145 -4.5251769 -0.0318845 2
caseindv146 1.1666268 -0.29471314 2
caseindv147 -3.0902562 -0.3128844 2
caseindv148 1.5512898 -0.4297671 2
caseindv149 0.0319349999999989 -0.4355299 2
caseindv150 -3.795996 0.0345315 2
caseindv151 -4.7033214 0.05856113 2
caseindv152 5.956885 -0.88719021 2
caseindv153 4.368128 -0.7851296 2
caseindv154 -6.436527 0.025273 2
caseindv155 -3.0564168 -0.0714266 2
caseindv156 -4.2623501 -0.2027224 2
caseindv157 0.459227 -0.7633509 2
caseindv158 4.258003 -0.9037011 2
caseindv159 -1.987327 -0.1929798 2
caseindv160 2.84594 -0.5766004 2
caseindv161 -4.2121696 0.0385972999999999 2
caseindv162 0.099886699999999 -0.34738815 2
caseindv163 3.3207874 -0.7711365 2
caseindv164 -0.710327 -0.1733537 2
caseindv165 0.9149998 -0.50598732 2
caseindv166 -5.0096172 -0.0912422 2
caseindv167 3.3653717 -0.4005148 2
caseindv168 0.635678 -0.6938042 2
caseindv169 0.791945000000001 -0.5404699 2
caseindv170 4.064206 -0.4693575 2
caseindv171 -4.158206 -0.3054043 2
caseindv172 -3.54752 -0.507684 2
caseindv173 -0.466068999999999 -0.1804603 2
caseindv174 2.826806 -0.48329195 2
caseindv175 2.4655832 -0.3826169 2
caseindv176 -9.510275 0.4853335 2
caseindv177 1.244603 -0.3028092 2
caseindv178 4.493118 -0.8759792 2
caseindv179 -3.077358 -0.2688936 2
caseindv180 -1.997687 -0.28132234 2
caseindv181 0.220389 -0.6284475 2
caseindv182 -3.179149 -0.3468291 2
caseindv183 -6.941632 0.02413058 2
caseindv184 -3.637233 -0.1565772 2
caseindv185 5.640418 -0.7796432 2
caseindv186 1.36535 -0.381155761 2
caseindv187 -3.3300108 -0.0487571000000001 2
caseindv188 -7.50428 0.26297551 2
caseindv189 -2.3901155 -0.4932032 2
caseindv190 1.606297 -0.4197762 2
caseindv191 -2.69905 -0.38612429 2
caseindv192 1.378876 -0.47159747 2
caseindv193 -0.407642800000001 -0.5552352 2
caseindv194 0.468847 -0.4804019 2
caseindv195 2.705737 -0.4325781 2
caseindv196 -6.71445964 -0.1929767 2
caseindv197 0.0851894999999994 -0.054873336 2
caseindv198 -1.745777 -0.482007 2
caseindv199 1.305739 -0.5912227 2
