IID, true_phens, raw_effects_prs, pval_derived_effects_prs, sex
controlindv0, 1.000000e+00, -3.112161e+00, 1.656724e-01, 0, 
controlindv1, 1.000000e+00, -1.037034e+01, 7.044116e-01, 0, 
controlindv2, 1.000000e+00, -1.318654e+01, 7.693755e-01, 0, 
controlindv3, 1.000000e+00, -8.353264e+00, 4.601794e-01, 0, 
controlindv4, 1.000000e+00, -9.468612e+00, 6.179642e-01, 0, 
controlindv5, 1.000000e+00, -7.778056e+00, 3.252955e-01, 0, 
controlindv6, 1.000000e+00, -8.281423e+00, 5.200597e-01, 0, 
controlindv7, 1.000000e+00, -7.923214e+00, 6.171254e-01, 0, 
controlindv8, 1.000000e+00, -7.760395e+00, 4.765095e-01, 0, 
controlindv9, 1.000000e+00, -8.931854e+00, 5.251566e-01, 0, 
controlindv10, 1.000000e+00, -5.173802e+00, 2.375451e-01, 0, 
controlindv11, 1.000000e+00, -9.309313e+00, 6.599704e-01, 0, 
controlindv12, 1.000000e+00, -8.292420e+00, 3.322041e-01, 0, 
controlindv13, 1.000000e+00, -7.348718e+00, 3.360747e-01, 0, 
controlindv14, 1.000000e+00, -7.367153e+00, 7.010676e-01, 0, 
controlindv15, 1.000000e+00, -5.120101e+00, 2.071833e-01, 0, 
controlindv16, 1.000000e+00, -7.643662e+00, 6.107740e-01, 0, 
controlindv17, 1.000000e+00, -1.055742e+01, 7.083549e-01, 0, 
controlindv18, 1.000000e+00, -1.060930e+01, 5.056500e-01, 0, 
controlindv19, 1.000000e+00, -5.525760e+00, 2.783278e-01, 0, 
controlindv20, 1.000000e+00, -6.682337e+00, 4.517013e-01, 0, 
controlindv21, 1.000000e+00, -6.544078e+00, 3.291301e-01, 0, 
controlindv22, 1.000000e+00, -8.830721e+00, 4.910277e-01, 0, 
controlindv23, 1.000000e+00, -8.130057e+00, 1.270707e-01, 0, 
controlindv24, 1.000000e+00, -8.144583e+00, 4.979095e-01, 0, 
controlindv25, 1.000000e+00, -4.718405e+00, 3.204617e-01, 0, 
controlindv26, 1.000000e+00, -4.840197e+00, 1.679164e-01, 0, 
controlindv27, 1.000000e+00, -6.546196e+00, 4.149015e-01, 0, 
controlindv28, 1.000000e+00, -5.004152e+00, 1.862857e-01, 0, 
controlindv29, 1.000000e+00, -9.920881e+00, 6.910613e-01, 0, 
controlindv30, 1.000000e+00, -6.002938e+00, 2.356755e-01, 0, 
controlindv31, 1.000000e+00, -6.458352e+00, 4.212687e-01, 0, 
controlindv32, 1.000000e+00, -3.510503e+00, 1.847360e-01, 0, 
controlindv33, 1.000000e+00, -6.290127e+00, 3.141217e-01, 0, 
controlindv34, 1.000000e+00, -7.047255e+00, 3.674561e-01, 0, 
controlindv35, 1.000000e+00, -5.102957e+00, 3.554872e-01, 0, 
controlindv36, 1.000000e+00, -7.324786e+00, 5.132273e-01, 0, 
controlindv37, 1.000000e+00, -6.980231e+00, 4.112534e-01, 0, 
controlindv38, 1.000000e+00, -4.962915e+00, 2.824289e-01, 0, 
controlindv39, 1.000000e+00, -7.443444e+00, 5.238839e-01, 0, 
controlindv40, 1.000000e+00, -6.173053e+00, 3.575810e-01, 0, 
controlindv41, 1.000000e+00, -2.978540e+00, 2.110777e-01, 0, 
controlindv42, 1.000000e+00, -9.227293e+00, 5.450424e-01, 0, 
controlindv43, 1.000000e+00, -8.966217e+00, 4.738695e-01, 0, 
controlindv44, 1.000000e+00, -3.976298e+00, 2.838442e-01, 0, 
controlindv45, 1.000000e+00, -7.568049e+00, 4.102004e-01, 0, 
controlindv46, 1.000000e+00, -4.527750e+00, 1.465513e-01, 0, 
controlindv47, 1.000000e+00, -8.080019e+00, 5.413430e-01, 0, 
controlindv48, 1.000000e+00, -7.776184e+00, 3.388702e-01, 0, 
controlindv49, 1.000000e+00, -8.852403e+00, 6.902456e-01, 0, 
controlindv50, 1.000000e+00, -7.491728e+00, 3.448499e-01, 0, 
controlindv51, 1.000000e+00, -8.259408e+00, 4.050049e-01, 0, 
controlindv52, 1.000000e+00, -3.220741e+00, 6.028448e-02, 0, 
controlindv53, 1.000000e+00, -2.439018e+00, -1.605262e-01, 0, 
controlindv54, 1.000000e+00, -7.827208e+00, 4.304665e-01, 0, 
controlindv55, 1.000000e+00, -8.055951e+00, 3.929885e-01, 0, 
controlindv56, 1.000000e+00, -5.002223e+00, 1.323727e-01, 0, 
controlindv57, 1.000000e+00, -3.421851e+00, 2.432684e-01, 0, 
controlindv58, 1.000000e+00, -5.116960e+00, 2.649897e-01, 0, 
controlindv59, 1.000000e+00, -7.089960e+00, 3.232294e-01, 0, 
controlindv60, 1.000000e+00, -1.156732e+01, 6.528965e-01, 0, 
controlindv61, 1.000000e+00, -8.682064e+00, 3.205907e-01, 0, 
controlindv62, 1.000000e+00, -5.635030e+00, 8.590916e-02, 0, 
controlindv63, 1.000000e+00, -6.681159e+00, 3.957260e-01, 0, 
controlindv64, 1.000000e+00, -1.139969e+01, 6.126570e-01, 0, 
controlindv65, 1.000000e+00, -1.006215e+01, 4.891796e-01, 0, 
controlindv66, 1.000000e+00, -5.524779e+00, 4.897544e-01, 0, 
controlindv67, 1.000000e+00, -3.446508e+00, 1.120670e-02, 0, 
controlindv68, 1.000000e+00, -5.517375e+00, 2.891076e-01, 0, 
controlindv69, 1.000000e+00, -7.631571e+00, 5.539858e-01, 0, 
controlindv70, 1.000000e+00, -4.314907e+00, 2.155511e-01, 0, 
controlindv71, 1.000000e+00, -7.499359e+00, 5.000507e-01, 0, 
controlindv72, 1.000000e+00, -5.467122e+00, 1.560208e-01, 0, 
controlindv73, 1.000000e+00, -9.505654e+00, 4.588610e-01, 0, 
controlindv74, 1.000000e+00, -5.019962e+00, 3.484741e-01, 0, 
controlindv75, 1.000000e+00, -6.043503e+00, 5.003108e-01, 0, 
controlindv76, 1.000000e+00, -7.036487e+00, 2.050566e-01, 0, 
controlindv77, 1.000000e+00, -6.588655e+00, 1.751648e-01, 0, 
controlindv78, 1.000000e+00, -6.279404e+00, 1.401672e-01, 0, 
controlindv79, 1.000000e+00, -7.005929e+00, 5.003030e-01, 0, 
controlindv80, 1.000000e+00, -3.116136e+00, 1.391926e-01, 0, 
controlindv81, 1.000000e+00, -2.659784e+00, 6.743102e-02, 0, 
controlindv82, 1.000000e+00, -6.652798e+00, 3.903943e-01, 0, 
controlindv83, 1.000000e+00, -1.105415e+01, 6.608479e-01, 0, 
controlindv84, 1.000000e+00, -3.834375e+00, 5.291090e-02, 0, 
controlindv85, 1.000000e+00, -2.633424e+00, 3.452837e-02, 0, 
controlindv86, 1.000000e+00, -7.288138e+00, 3.838782e-01, 0, 
controlindv87, 1.000000e+00, -1.022083e+01, 5.399844e-01, 0, 
controlindv88, 1.000000e+00, -2.992933e+00, 2.067164e-01, 0, 
controlindv89, 1.000000e+00, -2.691641e+00, 2.130340e-01, 0, 
controlindv90, 1.000000e+00, -7.903812e+00, 5.379923e-01, 0, 
controlindv91, 1.000000e+00, -5.190770e+00, 3.898271e-01, 0, 
controlindv92, 1.000000e+00, -9.458965e+00, 4.337060e-01, 0, 
controlindv93, 1.000000e+00, -5.740122e+00, 4.732824e-01, 0, 
controlindv94, 1.000000e+00, -7.188646e+00, 1.565280e-01, 0, 
controlindv95, 1.000000e+00, -5.882854e+00, 3.185638e-01, 0, 
controlindv96, 1.000000e+00, -8.058993e+00, 3.293335e-01, 0, 
controlindv97, 1.000000e+00, -1.049294e+01, 6.378209e-01, 0, 
controlindv98, 1.000000e+00, -6.273122e+00, 3.429578e-01, 0, 
controlindv99, 1.000000e+00, -9.084983e+00, 6.705314e-01, 0, 
controlindv100, 1.000000e+00, -4.535192e+00, 1.700676e-01, 0, 
controlindv101, 1.000000e+00, -9.295424e+00, 4.966408e-01, 0, 
controlindv102, 1.000000e+00, -5.335582e+00, 4.482436e-01, 0, 
controlindv103, 1.000000e+00, -9.825847e+00, 5.686412e-01, 0, 
controlindv104, 1.000000e+00, -1.105446e+01, 4.473226e-01, 0, 
controlindv105, 1.000000e+00, -3.846559e+00, 2.543844e-01, 0, 
controlindv106, 1.000000e+00, -1.913931e+00, -2.079411e-01, 0, 
controlindv107, 1.000000e+00, -7.354142e+00, 3.370705e-01, 0, 
controlindv108, 1.000000e+00, -2.760404e+00, 1.621649e-01, 0, 
controlindv109, 1.000000e+00, -7.419555e+00, 4.112932e-01, 0, 
controlindv110, 1.000000e+00, -6.233191e+00, 4.367367e-01, 0, 
controlindv111, 1.000000e+00, -4.159836e+00, 1.403221e-01, 0, 
controlindv112, 1.000000e+00, -5.210567e+00, 1.613594e-01, 0, 
controlindv113, 1.000000e+00, -4.135510e+00, 1.256023e-01, 0, 
controlindv114, 1.000000e+00, -8.364019e+00, 5.581510e-01, 0, 
controlindv115, 1.000000e+00, -4.751427e+00, 3.999216e-01, 0, 
controlindv116, 1.000000e+00, -9.107844e+00, 4.214927e-01, 0, 
controlindv117, 1.000000e+00, -4.914402e+00, 2.045655e-01, 0, 
controlindv118, 1.000000e+00, -6.415168e+00, 3.306965e-01, 0, 
controlindv119, 1.000000e+00, -5.618071e+00, 1.329763e-01, 0, 
controlindv120, 1.000000e+00, -6.318256e+00, 3.558087e-01, 0, 
controlindv121, 1.000000e+00, -5.469383e+00, 3.093440e-01, 0, 
controlindv122, 1.000000e+00, -4.123581e+00, 1.665670e-01, 0, 
controlindv123, 1.000000e+00, -5.246776e+00, 2.479688e-01, 0, 
controlindv124, 1.000000e+00, -7.223011e+00, 5.275618e-01, 0, 
controlindv125, 1.000000e+00, -6.799143e+00, 3.759109e-01, 0, 
controlindv126, 1.000000e+00, -7.824146e+00, 2.390218e-01, 0, 
controlindv127, 1.000000e+00, -7.864672e+00, 4.571750e-01, 0, 
controlindv128, 1.000000e+00, -5.861757e+00, 6.087309e-01, 0, 
controlindv129, 1.000000e+00, -4.137226e+00, 1.534514e-01, 0, 
controlindv130, 1.000000e+00, -7.172059e+00, 4.802907e-01, 0, 
controlindv131, 1.000000e+00, -2.035176e+00, 7.057796e-02, 0, 
controlindv132, 1.000000e+00, -6.156042e+00, 4.777964e-01, 0, 
controlindv133, 1.000000e+00, -5.595691e+00, 1.211892e-01, 0, 
controlindv134, 1.000000e+00, -8.674941e+00, 4.369003e-01, 0, 
controlindv135, 1.000000e+00, -4.538602e+00, 1.768586e-01, 0, 
controlindv136, 1.000000e+00, -5.936156e+00, 3.249218e-01, 0, 
controlindv137, 1.000000e+00, -6.883761e+00, 3.760463e-01, 0, 
controlindv138, 1.000000e+00, -5.826025e+00, 2.245821e-01, 0, 
controlindv139, 1.000000e+00, -6.416955e+00, 6.212094e-01, 0, 
controlindv140, 1.000000e+00, -1.017316e+01, 6.182567e-01, 0, 
controlindv141, 1.000000e+00, -6.874493e+00, 3.867756e-01, 0, 
controlindv142, 1.000000e+00, -7.252079e+00, 6.106259e-01, 0, 
controlindv143, 1.000000e+00, -2.894943e+00, 9.555188e-02, 0, 
controlindv144, 1.000000e+00, -9.435570e+00, 5.760115e-01, 0, 
controlindv145, 1.000000e+00, -9.666102e+00, 5.243022e-01, 0, 
controlindv146, 1.000000e+00, -3.735540e+00, 8.728273e-02, 0, 
controlindv147, 1.000000e+00, -4.401482e+00, 9.158903e-02, 0, 
controlindv148, 1.000000e+00, -6.098847e+00, 5.775228e-01, 0, 
controlindv149, 1.000000e+00, -8.853046e+00, 6.266284e-01, 0, 
controlindv150, 1.000000e+00, -6.898487e+00, 3.623093e-01, 0, 
controlindv151, 1.000000e+00, -4.945178e+00, 3.059335e-01, 0, 
controlindv152, 1.000000e+00, -2.976181e+00, 1.067482e-01, 0, 
controlindv153, 1.000000e+00, -3.070000e+00, 1.976550e-02, 0, 
controlindv154, 1.000000e+00, -1.014424e+01, 4.692234e-01, 0, 
controlindv155, 1.000000e+00, -6.941590e+00, 4.624722e-01, 0, 
controlindv156, 1.000000e+00, -5.161854e+00, 1.155563e-02, 0, 
controlindv157, 1.000000e+00, -6.196053e+00, 7.643309e-02, 0, 
controlindv158, 1.000000e+00, -5.694153e+00, 1.566814e-01, 0, 
controlindv159, 1.000000e+00, -7.469668e+00, 4.523959e-01, 0, 
controlindv160, 1.000000e+00, -6.395724e+00, 1.953357e-01, 0, 
controlindv161, 1.000000e+00, -1.008110e+01, 8.324616e-01, 0, 
controlindv162, 1.000000e+00, -8.264734e+00, 2.932982e-01, 0, 
controlindv163, 1.000000e+00, -5.278794e+00, 1.816179e-01, 0, 
controlindv164, 1.000000e+00, -6.373533e+00, 3.043460e-01, 0, 
controlindv165, 1.000000e+00, -1.563618e+00, 1.330081e-02, 0, 
controlindv166, 1.000000e+00, -8.577763e+00, 5.096403e-01, 0, 
controlindv167, 1.000000e+00, -3.501233e+00, 1.205391e-01, 0, 
controlindv168, 1.000000e+00, -5.088162e+00, 1.862917e-01, 0, 
controlindv169, 1.000000e+00, -5.177281e+00, 1.890998e-01, 0, 
controlindv170, 1.000000e+00, -6.370107e+00, 3.771375e-01, 0, 
controlindv171, 1.000000e+00, -9.633272e+00, 3.927900e-01, 0, 
controlindv172, 1.000000e+00, -6.398514e+00, 1.620439e-01, 0, 
controlindv173, 1.000000e+00, -8.856366e+00, 5.430478e-01, 0, 
controlindv174, 1.000000e+00, -7.573966e+00, 2.652154e-01, 0, 
controlindv175, 1.000000e+00, -6.074816e+00, 2.186297e-01, 0, 
controlindv176, 1.000000e+00, -6.699794e+00, 4.593065e-01, 0, 
controlindv177, 1.000000e+00, -6.167459e+00, 4.169202e-01, 0, 
controlindv178, 1.000000e+00, -4.489177e+00, 1.927018e-01, 0, 
controlindv179, 1.000000e+00, -4.830130e+00, 3.178112e-01, 0, 
controlindv180, 1.000000e+00, -7.415222e+00, 3.660018e-01, 0, 
controlindv181, 1.000000e+00, -8.522551e+00, 4.595429e-01, 0, 
controlindv182, 1.000000e+00, -7.004994e+00, 3.162812e-01, 0, 
controlindv183, 1.000000e+00, -7.624067e+00, 2.836108e-01, 0, 
controlindv184, 1.000000e+00, -8.060508e+00, 4.466605e-01, 0, 
controlindv185, 1.000000e+00, -3.903187e+00, 1.702309e-01, 0, 
controlindv186, 1.000000e+00, -2.157749e+00, 1.318344e-01, 0, 
controlindv187, 1.000000e+00, -5.342072e+00, 3.794250e-01, 0, 
controlindv188, 1.000000e+00, -6.755573e+00, 4.074929e-01, 0, 
controlindv189, 1.000000e+00, -5.015362e+00, -2.732184e-02, 0, 
controlindv190, 1.000000e+00, -6.350674e+00, 3.420426e-01, 0, 
controlindv191, 1.000000e+00, -4.868466e+00, 1.041341e-01, 0, 
controlindv192, 1.000000e+00, -5.171726e+00, 2.161086e-01, 0, 
controlindv193, 1.000000e+00, -4.790240e+00, 1.993576e-01, 0, 
controlindv194, 1.000000e+00, -4.881440e+00, 1.146884e-01, 0, 
controlindv195, 1.000000e+00, -7.072005e+00, 4.591496e-01, 0, 
controlindv196, 1.000000e+00, -9.354641e+00, 4.729799e-01, 0, 
controlindv197, 1.000000e+00, -4.078058e+00, 3.106350e-01, 0, 
controlindv198, 1.000000e+00, -7.080490e+00, 1.898881e-01, 0, 
controlindv199, 1.000000e+00, -6.700682e+00, 3.833546e-01, 0, 
caseindv0, 2.000000e+00, -3.112161e+00, 1.656724e-01, 0, 
caseindv1, 2.000000e+00, -1.037034e+01, 7.044116e-01, 0, 
caseindv2, 2.000000e+00, -1.318654e+01, 7.693755e-01, 0, 
caseindv3, 2.000000e+00, -8.353264e+00, 4.601794e-01, 0, 
caseindv4, 2.000000e+00, -9.468612e+00, 6.179642e-01, 0, 
caseindv5, 2.000000e+00, -7.778056e+00, 3.252955e-01, 0, 
caseindv6, 2.000000e+00, -8.281423e+00, 5.200597e-01, 0, 
caseindv7, 2.000000e+00, -7.923214e+00, 6.171254e-01, 0, 
caseindv8, 2.000000e+00, -7.760395e+00, 4.765095e-01, 0, 
caseindv9, 2.000000e+00, -8.931854e+00, 5.251566e-01, 0, 
caseindv10, 2.000000e+00, -5.173802e+00, 2.375451e-01, 0, 
caseindv11, 2.000000e+00, -9.309313e+00, 6.599704e-01, 0, 
caseindv12, 2.000000e+00, -8.292420e+00, 3.322041e-01, 0, 
caseindv13, 2.000000e+00, -7.348718e+00, 3.360747e-01, 0, 
caseindv14, 2.000000e+00, -7.367153e+00, 7.010676e-01, 0, 
caseindv15, 2.000000e+00, -5.120101e+00, 2.071833e-01, 0, 
caseindv16, 2.000000e+00, -7.643662e+00, 6.107740e-01, 0, 
caseindv17, 2.000000e+00, -1.055742e+01, 7.083549e-01, 0, 
caseindv18, 2.000000e+00, -1.060930e+01, 5.056500e-01, 0, 
caseindv19, 2.000000e+00, -5.525760e+00, 2.783278e-01, 0, 
caseindv20, 2.000000e+00, -6.682337e+00, 4.517013e-01, 0, 
caseindv21, 2.000000e+00, -6.544078e+00, 3.291301e-01, 0, 
caseindv22, 2.000000e+00, -8.830721e+00, 4.910277e-01, 0, 
caseindv23, 2.000000e+00, -8.130057e+00, 1.270707e-01, 0, 
caseindv24, 2.000000e+00, -8.144583e+00, 4.979095e-01, 0, 
caseindv25, 2.000000e+00, -4.718405e+00, 3.204617e-01, 0, 
caseindv26, 2.000000e+00, -4.840197e+00, 1.679164e-01, 0, 
caseindv27, 2.000000e+00, -6.546196e+00, 4.149015e-01, 0, 
caseindv28, 2.000000e+00, -5.004152e+00, 1.862857e-01, 0, 
caseindv29, 2.000000e+00, -9.920881e+00, 6.910613e-01, 0, 
caseindv30, 2.000000e+00, -6.002938e+00, 2.356755e-01, 0, 
caseindv31, 2.000000e+00, -6.458352e+00, 4.212687e-01, 0, 
caseindv32, 2.000000e+00, -3.510503e+00, 1.847360e-01, 0, 
caseindv33, 2.000000e+00, -6.290127e+00, 3.141217e-01, 0, 
caseindv34, 2.000000e+00, -7.047255e+00, 3.674561e-01, 0, 
caseindv35, 2.000000e+00, -5.102957e+00, 3.554872e-01, 0, 
caseindv36, 2.000000e+00, -7.324786e+00, 5.132273e-01, 0, 
caseindv37, 2.000000e+00, -6.980231e+00, 4.112534e-01, 0, 
caseindv38, 2.000000e+00, -4.962915e+00, 2.824289e-01, 0, 
caseindv39, 2.000000e+00, -7.443444e+00, 5.238839e-01, 0, 
caseindv40, 2.000000e+00, -6.173053e+00, 3.575810e-01, 0, 
caseindv41, 2.000000e+00, -2.978540e+00, 2.110777e-01, 0, 
caseindv42, 2.000000e+00, -9.227293e+00, 5.450424e-01, 0, 
caseindv43, 2.000000e+00, -8.966217e+00, 4.738695e-01, 0, 
caseindv44, 2.000000e+00, -3.976298e+00, 2.838442e-01, 0, 
caseindv45, 2.000000e+00, -7.568049e+00, 4.102004e-01, 0, 
caseindv46, 2.000000e+00, -4.527750e+00, 1.465513e-01, 0, 
caseindv47, 2.000000e+00, -8.080019e+00, 5.413430e-01, 0, 
caseindv48, 2.000000e+00, -7.776184e+00, 3.388702e-01, 0, 
caseindv49, 2.000000e+00, -8.852403e+00, 6.902456e-01, 0, 
caseindv50, 2.000000e+00, -7.491728e+00, 3.448499e-01, 0, 
caseindv51, 2.000000e+00, -8.259408e+00, 4.050049e-01, 0, 
caseindv52, 2.000000e+00, -3.220741e+00, 6.028448e-02, 0, 
caseindv53, 2.000000e+00, -2.439018e+00, -1.605262e-01, 0, 
caseindv54, 2.000000e+00, -7.827208e+00, 4.304665e-01, 0, 
caseindv55, 2.000000e+00, -8.055951e+00, 3.929885e-01, 0, 
caseindv56, 2.000000e+00, -5.002223e+00, 1.323727e-01, 0, 
caseindv57, 2.000000e+00, -3.421851e+00, 2.432684e-01, 0, 
caseindv58, 2.000000e+00, -5.116960e+00, 2.649897e-01, 0, 
caseindv59, 2.000000e+00, -7.089960e+00, 3.232294e-01, 0, 
caseindv60, 2.000000e+00, -1.156732e+01, 6.528965e-01, 0, 
caseindv61, 2.000000e+00, -8.682064e+00, 3.205907e-01, 0, 
caseindv62, 2.000000e+00, -5.635030e+00, 8.590916e-02, 0, 
caseindv63, 2.000000e+00, -6.681159e+00, 3.957260e-01, 0, 
caseindv64, 2.000000e+00, -1.139969e+01, 6.126570e-01, 0, 
caseindv65, 2.000000e+00, -1.006215e+01, 4.891796e-01, 0, 
caseindv66, 2.000000e+00, -5.524779e+00, 4.897544e-01, 0, 
caseindv67, 2.000000e+00, -3.446508e+00, 1.120670e-02, 0, 
caseindv68, 2.000000e+00, -5.517375e+00, 2.891076e-01, 0, 
caseindv69, 2.000000e+00, -7.631571e+00, 5.539858e-01, 0, 
caseindv70, 2.000000e+00, -4.314907e+00, 2.155511e-01, 0, 
caseindv71, 2.000000e+00, -7.499359e+00, 5.000507e-01, 0, 
caseindv72, 2.000000e+00, -5.467122e+00, 1.560208e-01, 0, 
caseindv73, 2.000000e+00, -9.505654e+00, 4.588610e-01, 0, 
caseindv74, 2.000000e+00, -5.019962e+00, 3.484741e-01, 0, 
caseindv75, 2.000000e+00, -6.043503e+00, 5.003108e-01, 0, 
caseindv76, 2.000000e+00, -7.036487e+00, 2.050566e-01, 0, 
caseindv77, 2.000000e+00, -6.588655e+00, 1.751648e-01, 0, 
caseindv78, 2.000000e+00, -6.279404e+00, 1.401672e-01, 0, 
caseindv79, 2.000000e+00, -7.005929e+00, 5.003030e-01, 0, 
caseindv80, 2.000000e+00, -3.116136e+00, 1.391926e-01, 0, 
caseindv81, 2.000000e+00, -2.659784e+00, 6.743102e-02, 0, 
caseindv82, 2.000000e+00, -6.652798e+00, 3.903943e-01, 0, 
caseindv83, 2.000000e+00, -1.105415e+01, 6.608479e-01, 0, 
caseindv84, 2.000000e+00, -3.834375e+00, 5.291090e-02, 0, 
caseindv85, 2.000000e+00, -2.633424e+00, 3.452837e-02, 0, 
caseindv86, 2.000000e+00, -7.288138e+00, 3.838782e-01, 0, 
caseindv87, 2.000000e+00, -1.022083e+01, 5.399844e-01, 0, 
caseindv88, 2.000000e+00, -2.992933e+00, 2.067164e-01, 0, 
caseindv89, 2.000000e+00, -2.691641e+00, 2.130340e-01, 0, 
caseindv90, 2.000000e+00, -7.903812e+00, 5.379923e-01, 0, 
caseindv91, 2.000000e+00, -5.190770e+00, 3.898271e-01, 0, 
caseindv92, 2.000000e+00, -9.458965e+00, 4.337060e-01, 0, 
caseindv93, 2.000000e+00, -5.740122e+00, 4.732824e-01, 0, 
caseindv94, 2.000000e+00, -7.188646e+00, 1.565280e-01, 0, 
caseindv95, 2.000000e+00, -5.882854e+00, 3.185638e-01, 0, 
caseindv96, 2.000000e+00, -8.058993e+00, 3.293335e-01, 0, 
caseindv97, 2.000000e+00, -1.049294e+01, 6.378209e-01, 0, 
caseindv98, 2.000000e+00, -6.273122e+00, 3.429578e-01, 0, 
caseindv99, 2.000000e+00, -9.084983e+00, 6.705314e-01, 0, 
caseindv100, 2.000000e+00, -4.535192e+00, 1.700676e-01, 0, 
caseindv101, 2.000000e+00, -9.295424e+00, 4.966408e-01, 0, 
caseindv102, 2.000000e+00, -5.335582e+00, 4.482436e-01, 0, 
caseindv103, 2.000000e+00, -9.825847e+00, 5.686412e-01, 0, 
caseindv104, 2.000000e+00, -1.105446e+01, 4.473226e-01, 0, 
caseindv105, 2.000000e+00, -3.846559e+00, 2.543844e-01, 0, 
caseindv106, 2.000000e+00, -1.913931e+00, -2.079411e-01, 0, 
caseindv107, 2.000000e+00, -7.354142e+00, 3.370705e-01, 0, 
caseindv108, 2.000000e+00, -2.760404e+00, 1.621649e-01, 0, 
caseindv109, 2.000000e+00, -7.419555e+00, 4.112932e-01, 0, 
caseindv110, 2.000000e+00, -6.233191e+00, 4.367367e-01, 0, 
caseindv111, 2.000000e+00, -4.159836e+00, 1.403221e-01, 0, 
caseindv112, 2.000000e+00, -5.210567e+00, 1.613594e-01, 0, 
caseindv113, 2.000000e+00, -4.135510e+00, 1.256023e-01, 0, 
caseindv114, 2.000000e+00, -8.364019e+00, 5.581510e-01, 0, 
caseindv115, 2.000000e+00, -4.751427e+00, 3.999216e-01, 0, 
caseindv116, 2.000000e+00, -9.107844e+00, 4.214927e-01, 0, 
caseindv117, 2.000000e+00, -4.914402e+00, 2.045655e-01, 0, 
caseindv118, 2.000000e+00, -6.415168e+00, 3.306965e-01, 0, 
caseindv119, 2.000000e+00, -5.618071e+00, 1.329763e-01, 0, 
caseindv120, 2.000000e+00, -6.318256e+00, 3.558087e-01, 0, 
caseindv121, 2.000000e+00, -5.469383e+00, 3.093440e-01, 0, 
caseindv122, 2.000000e+00, -4.123581e+00, 1.665670e-01, 0, 
caseindv123, 2.000000e+00, -5.246776e+00, 2.479688e-01, 0, 
caseindv124, 2.000000e+00, -7.223011e+00, 5.275618e-01, 0, 
caseindv125, 2.000000e+00, -6.799143e+00, 3.759109e-01, 0, 
caseindv126, 2.000000e+00, -7.824146e+00, 2.390218e-01, 0, 
caseindv127, 2.000000e+00, -7.864672e+00, 4.571750e-01, 0, 
caseindv128, 2.000000e+00, -5.861757e+00, 6.087309e-01, 0, 
caseindv129, 2.000000e+00, -4.137226e+00, 1.534514e-01, 0, 
caseindv130, 2.000000e+00, -7.172059e+00, 4.802907e-01, 0, 
caseindv131, 2.000000e+00, -2.035176e+00, 7.057796e-02, 0, 
caseindv132, 2.000000e+00, -6.156042e+00, 4.777964e-01, 0, 
caseindv133, 2.000000e+00, -5.595691e+00, 1.211892e-01, 0, 
caseindv134, 2.000000e+00, -8.674941e+00, 4.369003e-01, 0, 
caseindv135, 2.000000e+00, -4.538602e+00, 1.768586e-01, 0, 
caseindv136, 2.000000e+00, -5.936156e+00, 3.249218e-01, 0, 
caseindv137, 2.000000e+00, -6.883761e+00, 3.760463e-01, 0, 
caseindv138, 2.000000e+00, -5.826025e+00, 2.245821e-01, 0, 
caseindv139, 2.000000e+00, -6.416955e+00, 6.212094e-01, 0, 
caseindv140, 2.000000e+00, -1.017316e+01, 6.182567e-01, 0, 
caseindv141, 2.000000e+00, -6.874493e+00, 3.867756e-01, 0, 
caseindv142, 2.000000e+00, -7.252079e+00, 6.106259e-01, 0, 
caseindv143, 2.000000e+00, -2.894943e+00, 9.555188e-02, 0, 
caseindv144, 2.000000e+00, -9.435570e+00, 5.760115e-01, 0, 
caseindv145, 2.000000e+00, -9.666102e+00, 5.243022e-01, 0, 
caseindv146, 2.000000e+00, -3.735540e+00, 8.728273e-02, 0, 
caseindv147, 2.000000e+00, -4.401482e+00, 9.158903e-02, 0, 
caseindv148, 2.000000e+00, -6.098847e+00, 5.775228e-01, 0, 
caseindv149, 2.000000e+00, -8.853046e+00, 6.266284e-01, 0, 
caseindv150, 2.000000e+00, -6.898487e+00, 3.623093e-01, 0, 
caseindv151, 2.000000e+00, -4.945178e+00, 3.059335e-01, 0, 
caseindv152, 2.000000e+00, -2.976181e+00, 1.067482e-01, 0, 
caseindv153, 2.000000e+00, -3.070000e+00, 1.976550e-02, 0, 
caseindv154, 2.000000e+00, -1.014424e+01, 4.692234e-01, 0, 
caseindv155, 2.000000e+00, -6.941590e+00, 4.624722e-01, 0, 
caseindv156, 2.000000e+00, -5.161854e+00, 1.155563e-02, 0, 
caseindv157, 2.000000e+00, -6.196053e+00, 7.643309e-02, 0, 
caseindv158, 2.000000e+00, -5.694153e+00, 1.566814e-01, 0, 
caseindv159, 2.000000e+00, -7.469668e+00, 4.523959e-01, 0, 
caseindv160, 2.000000e+00, -6.395724e+00, 1.953357e-01, 0, 
caseindv161, 2.000000e+00, -1.008110e+01, 8.324616e-01, 0, 
caseindv162, 2.000000e+00, -8.264734e+00, 2.932982e-01, 0, 
caseindv163, 2.000000e+00, -5.278794e+00, 1.816179e-01, 0, 
caseindv164, 2.000000e+00, -6.373533e+00, 3.043460e-01, 0, 
caseindv165, 2.000000e+00, -1.563618e+00, 1.330081e-02, 0, 
caseindv166, 2.000000e+00, -8.577763e+00, 5.096403e-01, 0, 
caseindv167, 2.000000e+00, -3.501233e+00, 1.205391e-01, 0, 
caseindv168, 2.000000e+00, -5.088162e+00, 1.862917e-01, 0, 
caseindv169, 2.000000e+00, -5.177281e+00, 1.890998e-01, 0, 
caseindv170, 2.000000e+00, -6.370107e+00, 3.771375e-01, 0, 
caseindv171, 2.000000e+00, -9.633272e+00, 3.927900e-01, 0, 
caseindv172, 2.000000e+00, -6.398514e+00, 1.620439e-01, 0, 
caseindv173, 2.000000e+00, -8.856366e+00, 5.430478e-01, 0, 
caseindv174, 2.000000e+00, -7.573966e+00, 2.652154e-01, 0, 
caseindv175, 2.000000e+00, -6.074816e+00, 2.186297e-01, 0, 
caseindv176, 2.000000e+00, -6.699794e+00, 4.593065e-01, 0, 
caseindv177, 2.000000e+00, -6.167459e+00, 4.169202e-01, 0, 
caseindv178, 2.000000e+00, -4.489177e+00, 1.927018e-01, 0, 
caseindv179, 2.000000e+00, -4.830130e+00, 3.178112e-01, 0, 
caseindv180, 2.000000e+00, -7.415222e+00, 3.660018e-01, 0, 
caseindv181, 2.000000e+00, -8.522551e+00, 4.595429e-01, 0, 
caseindv182, 2.000000e+00, -7.004994e+00, 3.162812e-01, 0, 
caseindv183, 2.000000e+00, -7.624067e+00, 2.836108e-01, 0, 
caseindv184, 2.000000e+00, -8.060508e+00, 4.466605e-01, 0, 
caseindv185, 2.000000e+00, -3.903187e+00, 1.702309e-01, 0, 
caseindv186, 2.000000e+00, -2.157749e+00, 1.318344e-01, 0, 
caseindv187, 2.000000e+00, -5.342072e+00, 3.794250e-01, 0, 
caseindv188, 2.000000e+00, -6.755573e+00, 4.074929e-01, 0, 
caseindv189, 2.000000e+00, -5.015362e+00, -2.732184e-02, 0, 
caseindv190, 2.000000e+00, -6.350674e+00, 3.420426e-01, 0, 
caseindv191, 2.000000e+00, -4.868466e+00, 1.041341e-01, 0, 
caseindv192, 2.000000e+00, -5.171726e+00, 2.161086e-01, 0, 
caseindv193, 2.000000e+00, -4.790240e+00, 1.993576e-01, 0, 
caseindv194, 2.000000e+00, -4.881440e+00, 1.146884e-01, 0, 
caseindv195, 2.000000e+00, -7.072005e+00, 4.591496e-01, 0, 
caseindv196, 2.000000e+00, -9.354641e+00, 4.729799e-01, 0, 
caseindv197, 2.000000e+00, -4.078058e+00, 3.106350e-01, 0, 
caseindv198, 2.000000e+00, -7.080490e+00, 1.898881e-01, 0, 
caseindv199, 2.000000e+00, -6.700682e+00, 3.833546e-01, 0, 
