IID, true_phens, raw_effects_prs, pval_derived_effects_prs, sex
caseindv0, 2.000000e+00, 2.125622e+00, -2.751253e-01, 0, 
caseindv1, 2.000000e+00, 1.539032e+00, -2.766495e-01, 0, 
caseindv2, 2.000000e+00, 2.385276e+00, -5.442722e-01, 0, 
caseindv3, 2.000000e+00, 1.701965e+00, -2.675370e-01, 0, 
caseindv4, 2.000000e+00, -3.230489e-02, -3.492214e-01, 0, 
caseindv5, 2.000000e+00, -9.005498e-01, -2.263161e-01, 0, 
caseindv6, 2.000000e+00, 9.346231e-02, -5.360898e-01, 0, 
caseindv7, 2.000000e+00, 3.078161e+00, -4.195987e-01, 0, 
caseindv8, 2.000000e+00, 8.896825e-01, -1.841316e-01, 0, 
caseindv9, 2.000000e+00, 2.085312e+00, -6.535152e-01, 0, 
caseindv10, 2.000000e+00, -4.365220e+00, -1.903857e-01, 0, 
caseindv11, 2.000000e+00, -1.139185e+00, 1.355619e-02, 0, 
caseindv12, 2.000000e+00, 2.373592e+00, -4.247024e-01, 0, 
caseindv13, 2.000000e+00, 2.608187e+00, -3.740252e-01, 0, 
caseindv14, 2.000000e+00, 4.232021e+00, -6.412590e-01, 0, 
caseindv15, 2.000000e+00, 2.557555e+00, -3.353253e-01, 0, 
caseindv16, 2.000000e+00, 2.646105e+00, -7.476623e-01, 0, 
caseindv17, 2.000000e+00, -1.871696e+00, 3.176896e-01, 0, 
caseindv18, 2.000000e+00, 2.313693e+00, -2.522814e-01, 0, 
caseindv19, 2.000000e+00, 6.048918e-01, -4.688821e-01, 0, 
caseindv20, 2.000000e+00, 4.487396e+00, -5.909531e-01, 0, 
caseindv21, 2.000000e+00, -6.539750e+00, 5.960314e-01, 0, 
caseindv22, 2.000000e+00, -8.008770e+00, 2.501149e-01, 0, 
caseindv23, 2.000000e+00, 6.667389e+00, -5.771276e-01, 0, 
caseindv24, 2.000000e+00, 4.874456e+00, -2.374621e-01, 0, 
caseindv25, 2.000000e+00, 1.121977e+01, -1.026371e+00, 0, 
caseindv26, 2.000000e+00, -1.374217e+00, -3.390770e-01, 0, 
caseindv27, 2.000000e+00, 4.918491e+00, -8.647174e-01, 0, 
caseindv28, 2.000000e+00, 1.204726e+00, -2.785029e-01, 0, 
caseindv29, 2.000000e+00, 1.423454e+01, -1.429094e+00, 0, 
caseindv30, 2.000000e+00, 1.221482e+00, -3.131695e-01, 0, 
caseindv31, 2.000000e+00, 5.796807e+00, -4.196755e-01, 0, 
caseindv32, 2.000000e+00, 4.486933e+00, -7.143831e-01, 0, 
caseindv33, 2.000000e+00, 5.968758e+00, -4.814938e-01, 0, 
caseindv34, 2.000000e+00, -2.691079e+00, -1.183723e-01, 0, 
caseindv35, 2.000000e+00, -2.907148e+00, 1.205500e-01, 0, 
caseindv36, 2.000000e+00, 6.177056e+00, -6.561977e-01, 0, 
caseindv37, 2.000000e+00, 4.154552e-01, -3.036862e-01, 0, 
caseindv38, 2.000000e+00, 6.307012e+00, -6.763271e-01, 0, 
caseindv39, 2.000000e+00, 3.664127e+00, -6.620792e-01, 0, 
caseindv40, 2.000000e+00, 2.365540e+00, -5.951078e-01, 0, 
caseindv41, 2.000000e+00, 4.004150e+00, -4.909774e-01, 0, 
caseindv42, 2.000000e+00, 3.337340e+00, -5.536959e-01, 0, 
caseindv43, 2.000000e+00, 6.164342e+00, -1.131646e+00, 0, 
caseindv44, 2.000000e+00, 2.765085e+00, -6.253374e-01, 0, 
caseindv45, 2.000000e+00, -8.680922e-01, -5.555377e-01, 0, 
caseindv46, 2.000000e+00, -2.189873e+00, -3.423661e-02, 0, 
caseindv47, 2.000000e+00, 1.490666e+00, -3.984930e-01, 0, 
caseindv48, 2.000000e+00, 1.098931e+01, -9.537085e-01, 0, 
caseindv49, 2.000000e+00, -3.925000e+00, -4.939226e-01, 0, 
caseindv50, 2.000000e+00, 7.938524e+00, -7.075679e-01, 0, 
caseindv51, 2.000000e+00, 3.249395e+00, -5.088471e-01, 0, 
caseindv52, 2.000000e+00, 1.010491e+01, -9.824132e-01, 0, 
caseindv53, 2.000000e+00, -3.893771e+00, -2.886364e-01, 0, 
caseindv54, 2.000000e+00, -2.176313e+00, -4.746242e-01, 0, 
caseindv55, 2.000000e+00, 8.461295e-01, -1.484858e-01, 0, 
caseindv56, 2.000000e+00, 8.475476e+00, -9.308051e-01, 0, 
caseindv57, 2.000000e+00, 7.233784e+00, -7.108848e-01, 0, 
caseindv58, 2.000000e+00, 4.744161e-01, -5.243033e-01, 0, 
caseindv59, 2.000000e+00, -8.502745e-01, 5.455408e-02, 0, 
caseindv60, 2.000000e+00, 1.683863e+00, -3.682515e-01, 0, 
caseindv61, 2.000000e+00, 4.565473e+00, -6.623964e-01, 0, 
caseindv62, 2.000000e+00, 6.712120e-01, -1.493927e-01, 0, 
caseindv63, 2.000000e+00, -1.098388e+00, -6.887074e-02, 0, 
caseindv64, 2.000000e+00, -6.652119e-01, -5.738529e-01, 0, 
caseindv65, 2.000000e+00, -4.886511e+00, 1.887139e-01, 0, 
caseindv66, 2.000000e+00, 2.856959e+00, -5.070699e-01, 0, 
caseindv67, 2.000000e+00, -4.189093e+00, -3.946137e-02, 0, 
caseindv68, 2.000000e+00, 1.069542e+01, -1.253422e+00, 0, 
caseindv69, 2.000000e+00, 6.241110e+00, -7.817364e-01, 0, 
caseindv70, 2.000000e+00, 2.384879e+00, -1.156163e-01, 0, 
caseindv71, 2.000000e+00, 2.305242e+00, -5.667276e-01, 0, 
caseindv72, 2.000000e+00, 1.246679e+01, -1.122298e+00, 0, 
caseindv73, 2.000000e+00, 7.873280e+00, -8.622468e-01, 0, 
caseindv74, 2.000000e+00, -1.225086e+00, -3.140092e-01, 0, 
caseindv75, 2.000000e+00, 4.033948e+00, -7.580585e-01, 0, 
caseindv76, 2.000000e+00, 6.507849e+00, -5.759900e-01, 0, 
caseindv77, 2.000000e+00, 8.974944e+00, -7.920518e-01, 0, 
caseindv78, 2.000000e+00, 3.308271e+00, -9.361651e-02, 0, 
caseindv79, 2.000000e+00, 4.295394e+00, -4.170455e-01, 0, 
caseindv80, 2.000000e+00, -2.414154e+00, -1.877770e-01, 0, 
caseindv81, 2.000000e+00, -4.874675e+00, 6.478861e-02, 0, 
caseindv82, 2.000000e+00, 1.079078e+01, -1.013627e+00, 0, 
caseindv83, 2.000000e+00, 9.110828e-02, -2.704645e-01, 0, 
caseindv84, 2.000000e+00, 5.629783e+00, -7.768907e-01, 0, 
caseindv85, 2.000000e+00, 6.869620e+00, -8.212586e-01, 0, 
caseindv86, 2.000000e+00, -5.422839e-01, 3.829970e-02, 0, 
caseindv87, 2.000000e+00, 4.119681e+00, -4.705399e-02, 0, 
caseindv88, 2.000000e+00, 7.281633e+00, -9.326175e-01, 0, 
caseindv89, 2.000000e+00, 4.089659e+00, -2.420163e-01, 0, 
caseindv90, 2.000000e+00, 4.671208e+00, -2.690906e-01, 0, 
caseindv91, 2.000000e+00, 4.117476e+00, -8.005674e-01, 0, 
caseindv92, 2.000000e+00, 5.832862e+00, -1.062971e+00, 0, 
caseindv93, 2.000000e+00, 4.939635e+00, -7.421464e-01, 0, 
caseindv94, 2.000000e+00, 2.173229e+00, -5.400942e-01, 0, 
caseindv95, 2.000000e+00, 2.701132e+00, -4.517935e-01, 0, 
caseindv96, 2.000000e+00, 4.292912e+00, -5.530512e-01, 0, 
caseindv97, 2.000000e+00, -7.092889e+00, 1.561930e-01, 0, 
caseindv98, 2.000000e+00, -4.750311e+00, 2.142421e-01, 0, 
caseindv99, 2.000000e+00, 6.059903e+00, -5.125350e-01, 0, 
caseindv100, 2.000000e+00, 4.202423e+00, -4.530705e-01, 0, 
caseindv101, 2.000000e+00, 5.629674e+00, -5.503152e-01, 0, 
caseindv102, 2.000000e+00, 5.431860e+00, -5.778755e-01, 0, 
caseindv103, 2.000000e+00, 9.374972e+00, -1.018736e+00, 0, 
caseindv104, 2.000000e+00, 8.649147e+00, -8.785262e-01, 0, 
caseindv105, 2.000000e+00, 8.453037e-02, -2.484798e-01, 0, 
caseindv106, 2.000000e+00, 6.979792e+00, -5.974558e-01, 0, 
caseindv107, 2.000000e+00, 3.301886e+00, -5.948981e-01, 0, 
caseindv108, 2.000000e+00, 7.078377e+00, -8.210704e-01, 0, 
caseindv109, 2.000000e+00, 8.488582e+00, -8.777616e-01, 0, 
caseindv110, 2.000000e+00, 5.871697e+00, -6.016960e-01, 0, 
caseindv111, 2.000000e+00, 4.579998e+00, -5.335432e-01, 0, 
caseindv112, 2.000000e+00, -4.792453e-01, -9.185696e-02, 0, 
caseindv113, 2.000000e+00, 2.831844e+00, -4.122220e-01, 0, 
caseindv114, 2.000000e+00, 2.343850e+00, -3.413889e-01, 0, 
caseindv115, 2.000000e+00, 2.859812e+00, -4.658413e-01, 0, 
caseindv116, 2.000000e+00, 1.526435e+00, -1.333720e-01, 0, 
caseindv117, 2.000000e+00, 1.542462e+00, -6.246021e-01, 0, 
caseindv118, 2.000000e+00, 2.550675e+00, -6.358849e-01, 0, 
caseindv119, 2.000000e+00, 3.193011e+00, -6.586484e-01, 0, 
caseindv120, 2.000000e+00, 3.025468e+00, -6.221643e-01, 0, 
caseindv121, 2.000000e+00, -6.754573e+00, 3.391351e-01, 0, 
caseindv122, 2.000000e+00, 4.636974e+00, -5.696244e-01, 0, 
caseindv123, 2.000000e+00, 4.114517e+00, -5.280908e-01, 0, 
caseindv124, 2.000000e+00, 2.552696e+00, -5.135698e-01, 0, 
caseindv125, 2.000000e+00, 4.216156e+00, -1.815260e-01, 0, 
caseindv126, 2.000000e+00, 3.272973e+00, -4.113108e-01, 0, 
caseindv127, 2.000000e+00, 4.470766e+00, -6.098617e-01, 0, 
caseindv128, 2.000000e+00, 4.103974e-01, -1.222393e-01, 0, 
caseindv129, 2.000000e+00, 8.188060e+00, -1.050506e+00, 0, 
caseindv130, 2.000000e+00, -4.650986e+00, -2.982921e-02, 0, 
caseindv131, 2.000000e+00, -2.083199e-01, -1.111171e-01, 0, 
caseindv132, 2.000000e+00, -4.158256e-01, -3.486588e-01, 0, 
caseindv133, 2.000000e+00, -3.059843e+00, -2.484434e-01, 0, 
caseindv134, 2.000000e+00, -4.370490e+00, -5.637064e-02, 0, 
caseindv135, 2.000000e+00, 8.353400e-01, -3.222241e-01, 0, 
caseindv136, 2.000000e+00, 3.778345e+00, -2.534886e-01, 0, 
caseindv137, 2.000000e+00, 5.967450e+00, -8.369290e-01, 0, 
caseindv138, 2.000000e+00, -8.954710e-01, -2.595405e-04, 0, 
caseindv139, 2.000000e+00, -3.290398e+00, 1.788118e-01, 0, 
caseindv140, 2.000000e+00, 9.045473e+00, -8.827876e-01, 0, 
caseindv141, 2.000000e+00, 1.442519e+00, -2.421179e-01, 0, 
caseindv142, 2.000000e+00, 8.956331e+00, -9.385258e-01, 0, 
caseindv143, 2.000000e+00, 5.080637e+00, -2.869396e-01, 0, 
caseindv144, 2.000000e+00, -6.887663e-01, -4.284160e-01, 0, 
caseindv145, 2.000000e+00, 2.933714e+00, -7.581626e-01, 0, 
caseindv146, 2.000000e+00, 6.933282e+00, -7.686148e-01, 0, 
caseindv147, 2.000000e+00, -1.531733e+00, 3.061367e-02, 0, 
caseindv148, 2.000000e+00, 2.381360e+00, -6.376026e-01, 0, 
caseindv149, 2.000000e+00, 3.219899e+00, -6.021190e-01, 0, 
caseindv150, 2.000000e+00, 2.708500e+00, -4.732977e-01, 0, 
caseindv151, 2.000000e+00, 2.014653e+00, -4.639589e-01, 0, 
caseindv152, 2.000000e+00, -1.181432e+00, -5.424990e-02, 0, 
caseindv153, 2.000000e+00, 2.896942e+00, -5.007834e-01, 0, 
caseindv154, 2.000000e+00, 9.034894e+00, -9.980158e-01, 0, 
caseindv155, 2.000000e+00, 1.497621e+00, -9.529662e-02, 0, 
caseindv156, 2.000000e+00, 2.480974e+00, -6.201127e-01, 0, 
caseindv157, 2.000000e+00, 4.212483e+00, -8.200321e-01, 0, 
caseindv158, 2.000000e+00, 3.958974e+00, -4.596628e-01, 0, 
caseindv159, 2.000000e+00, -5.288139e-01, -4.649972e-01, 0, 
caseindv160, 2.000000e+00, 5.898802e+00, -2.811449e-01, 0, 
caseindv161, 2.000000e+00, 3.903954e+00, -7.213024e-01, 0, 
caseindv162, 2.000000e+00, -4.160783e-01, -3.608843e-01, 0, 
caseindv163, 2.000000e+00, -5.354041e+00, 6.996709e-02, 0, 
caseindv164, 2.000000e+00, -2.063265e+00, -2.626955e-01, 0, 
caseindv165, 2.000000e+00, 3.078445e+00, -3.026663e-01, 0, 
caseindv166, 2.000000e+00, 7.058382e+00, -8.638302e-01, 0, 
caseindv167, 2.000000e+00, 6.324892e+00, -9.825714e-01, 0, 
caseindv168, 2.000000e+00, -9.313048e-01, -3.128837e-01, 0, 
caseindv169, 2.000000e+00, 4.358406e+00, -4.853099e-01, 0, 
caseindv170, 2.000000e+00, 8.667798e+00, -1.063863e+00, 0, 
caseindv171, 2.000000e+00, 3.367918e+00, -3.840361e-01, 0, 
caseindv172, 2.000000e+00, 1.812619e+00, -5.524923e-01, 0, 
caseindv173, 2.000000e+00, 4.303155e+00, -4.281726e-01, 0, 
caseindv174, 2.000000e+00, -1.130337e+00, -1.019861e-01, 0, 
caseindv175, 2.000000e+00, -4.171353e-02, 4.736563e-02, 0, 
caseindv176, 2.000000e+00, 8.684594e-03, -2.698225e-01, 0, 
caseindv177, 2.000000e+00, 3.525209e+00, -4.080248e-01, 0, 
caseindv178, 2.000000e+00, 4.990253e+00, -8.331016e-01, 0, 
caseindv179, 2.000000e+00, 1.016303e+00, -1.765393e-01, 0, 
caseindv180, 2.000000e+00, -4.987755e-01, -5.072507e-02, 0, 
caseindv181, 2.000000e+00, 5.147936e+00, -4.782621e-01, 0, 
caseindv182, 2.000000e+00, 5.579591e+00, -6.674583e-01, 0, 
caseindv183, 2.000000e+00, 1.729749e+00, -3.226715e-01, 0, 
caseindv184, 2.000000e+00, -4.355912e+00, -1.603061e-01, 0, 
caseindv185, 2.000000e+00, 6.826978e+00, -7.123181e-01, 0, 
caseindv186, 2.000000e+00, -2.022880e-01, -1.701790e-01, 0, 
caseindv187, 2.000000e+00, 1.729117e+00, -1.682682e-01, 0, 
caseindv188, 2.000000e+00, -1.101985e+00, -5.193847e-01, 0, 
caseindv189, 2.000000e+00, 9.717579e-01, -3.008531e-01, 0, 
caseindv190, 2.000000e+00, 2.945872e+00, -6.954519e-01, 0, 
caseindv191, 2.000000e+00, 2.755400e+00, -2.510110e-01, 0, 
caseindv192, 2.000000e+00, 4.069459e+00, -5.571583e-01, 0, 
caseindv193, 2.000000e+00, 9.243804e+00, -9.311516e-01, 0, 
caseindv194, 2.000000e+00, 4.852073e+00, -4.748083e-01, 0, 
caseindv195, 2.000000e+00, 1.737131e+00, -3.955144e-01, 0, 
caseindv196, 2.000000e+00, 4.391178e+00, -4.699893e-01, 0, 
caseindv197, 2.000000e+00, 4.750126e+00, -7.590361e-01, 0, 
caseindv198, 2.000000e+00, 3.649216e+00, -5.042426e-01, 0, 
caseindv199, 2.000000e+00, -9.243059e-02, -3.953938e-01, 0, 
controlindv0, 1.000000e+00, 2.125622e+00, -2.751253e-01, 0, 
controlindv1, 1.000000e+00, 1.539032e+00, -2.766495e-01, 0, 
controlindv2, 1.000000e+00, 2.385276e+00, -5.442722e-01, 0, 
controlindv3, 1.000000e+00, 1.701965e+00, -2.675370e-01, 0, 
controlindv4, 1.000000e+00, -3.230489e-02, -3.492214e-01, 0, 
controlindv5, 1.000000e+00, -9.005498e-01, -2.263161e-01, 0, 
controlindv6, 1.000000e+00, 9.346231e-02, -5.360898e-01, 0, 
controlindv7, 1.000000e+00, 3.078161e+00, -4.195987e-01, 0, 
controlindv8, 1.000000e+00, 8.896825e-01, -1.841316e-01, 0, 
controlindv9, 1.000000e+00, 2.085312e+00, -6.535152e-01, 0, 
controlindv10, 1.000000e+00, -4.365220e+00, -1.903857e-01, 0, 
controlindv11, 1.000000e+00, -1.139185e+00, 1.355619e-02, 0, 
controlindv12, 1.000000e+00, 2.373592e+00, -4.247024e-01, 0, 
controlindv13, 1.000000e+00, 2.608187e+00, -3.740252e-01, 0, 
controlindv14, 1.000000e+00, 4.232021e+00, -6.412590e-01, 0, 
controlindv15, 1.000000e+00, 2.557555e+00, -3.353253e-01, 0, 
controlindv16, 1.000000e+00, 2.646105e+00, -7.476623e-01, 0, 
controlindv17, 1.000000e+00, -1.871696e+00, 3.176896e-01, 0, 
controlindv18, 1.000000e+00, 2.313693e+00, -2.522814e-01, 0, 
controlindv19, 1.000000e+00, 6.048918e-01, -4.688821e-01, 0, 
controlindv20, 1.000000e+00, 4.487396e+00, -5.909531e-01, 0, 
controlindv21, 1.000000e+00, -6.539750e+00, 5.960314e-01, 0, 
controlindv22, 1.000000e+00, -8.008770e+00, 2.501149e-01, 0, 
controlindv23, 1.000000e+00, 6.667389e+00, -5.771276e-01, 0, 
controlindv24, 1.000000e+00, 4.874456e+00, -2.374621e-01, 0, 
controlindv25, 1.000000e+00, 1.121977e+01, -1.026371e+00, 0, 
controlindv26, 1.000000e+00, -1.374217e+00, -3.390770e-01, 0, 
controlindv27, 1.000000e+00, 4.918491e+00, -8.647174e-01, 0, 
controlindv28, 1.000000e+00, 1.204726e+00, -2.785029e-01, 0, 
controlindv29, 1.000000e+00, 1.423454e+01, -1.429094e+00, 0, 
controlindv30, 1.000000e+00, 1.221482e+00, -3.131695e-01, 0, 
controlindv31, 1.000000e+00, 5.796807e+00, -4.196755e-01, 0, 
controlindv32, 1.000000e+00, 4.486933e+00, -7.143831e-01, 0, 
controlindv33, 1.000000e+00, 5.968758e+00, -4.814938e-01, 0, 
controlindv34, 1.000000e+00, -2.691079e+00, -1.183723e-01, 0, 
controlindv35, 1.000000e+00, -2.907148e+00, 1.205500e-01, 0, 
controlindv36, 1.000000e+00, 6.177056e+00, -6.561977e-01, 0, 
controlindv37, 1.000000e+00, 4.154552e-01, -3.036862e-01, 0, 
controlindv38, 1.000000e+00, 6.307012e+00, -6.763271e-01, 0, 
controlindv39, 1.000000e+00, 3.664127e+00, -6.620792e-01, 0, 
controlindv40, 1.000000e+00, 2.365540e+00, -5.951078e-01, 0, 
controlindv41, 1.000000e+00, 4.004150e+00, -4.909774e-01, 0, 
controlindv42, 1.000000e+00, 3.337340e+00, -5.536959e-01, 0, 
controlindv43, 1.000000e+00, 6.164342e+00, -1.131646e+00, 0, 
controlindv44, 1.000000e+00, 2.765085e+00, -6.253374e-01, 0, 
controlindv45, 1.000000e+00, -8.680922e-01, -5.555377e-01, 0, 
controlindv46, 1.000000e+00, -2.189873e+00, -3.423661e-02, 0, 
controlindv47, 1.000000e+00, 1.490666e+00, -3.984930e-01, 0, 
controlindv48, 1.000000e+00, 1.098931e+01, -9.537085e-01, 0, 
controlindv49, 1.000000e+00, -3.925000e+00, -4.939226e-01, 0, 
controlindv50, 1.000000e+00, 7.938524e+00, -7.075679e-01, 0, 
controlindv51, 1.000000e+00, 3.249395e+00, -5.088471e-01, 0, 
controlindv52, 1.000000e+00, 1.010491e+01, -9.824132e-01, 0, 
controlindv53, 1.000000e+00, -3.893771e+00, -2.886364e-01, 0, 
controlindv54, 1.000000e+00, -2.176313e+00, -4.746242e-01, 0, 
controlindv55, 1.000000e+00, 8.461295e-01, -1.484858e-01, 0, 
controlindv56, 1.000000e+00, 8.475476e+00, -9.308051e-01, 0, 
controlindv57, 1.000000e+00, 7.233784e+00, -7.108848e-01, 0, 
controlindv58, 1.000000e+00, 4.744161e-01, -5.243033e-01, 0, 
controlindv59, 1.000000e+00, -8.502745e-01, 5.455408e-02, 0, 
controlindv60, 1.000000e+00, 1.683863e+00, -3.682515e-01, 0, 
controlindv61, 1.000000e+00, 4.565473e+00, -6.623964e-01, 0, 
controlindv62, 1.000000e+00, 6.712120e-01, -1.493927e-01, 0, 
controlindv63, 1.000000e+00, -1.098388e+00, -6.887074e-02, 0, 
controlindv64, 1.000000e+00, -6.652119e-01, -5.738529e-01, 0, 
controlindv65, 1.000000e+00, -4.886511e+00, 1.887139e-01, 0, 
controlindv66, 1.000000e+00, 2.856959e+00, -5.070699e-01, 0, 
controlindv67, 1.000000e+00, -4.189093e+00, -3.946137e-02, 0, 
controlindv68, 1.000000e+00, 1.069542e+01, -1.253422e+00, 0, 
controlindv69, 1.000000e+00, 6.241110e+00, -7.817364e-01, 0, 
controlindv70, 1.000000e+00, 2.384879e+00, -1.156163e-01, 0, 
controlindv71, 1.000000e+00, 2.305242e+00, -5.667276e-01, 0, 
controlindv72, 1.000000e+00, 1.246679e+01, -1.122298e+00, 0, 
controlindv73, 1.000000e+00, 7.873280e+00, -8.622468e-01, 0, 
controlindv74, 1.000000e+00, -1.225086e+00, -3.140092e-01, 0, 
controlindv75, 1.000000e+00, 4.033948e+00, -7.580585e-01, 0, 
controlindv76, 1.000000e+00, 6.507849e+00, -5.759900e-01, 0, 
controlindv77, 1.000000e+00, 8.974944e+00, -7.920518e-01, 0, 
controlindv78, 1.000000e+00, 3.308271e+00, -9.361651e-02, 0, 
controlindv79, 1.000000e+00, 4.295394e+00, -4.170455e-01, 0, 
controlindv80, 1.000000e+00, -2.414154e+00, -1.877770e-01, 0, 
controlindv81, 1.000000e+00, -4.874675e+00, 6.478861e-02, 0, 
controlindv82, 1.000000e+00, 1.079078e+01, -1.013627e+00, 0, 
controlindv83, 1.000000e+00, 9.110828e-02, -2.704645e-01, 0, 
controlindv84, 1.000000e+00, 5.629783e+00, -7.768907e-01, 0, 
controlindv85, 1.000000e+00, 6.869620e+00, -8.212586e-01, 0, 
controlindv86, 1.000000e+00, -5.422839e-01, 3.829970e-02, 0, 
controlindv87, 1.000000e+00, 4.119681e+00, -4.705399e-02, 0, 
controlindv88, 1.000000e+00, 7.281633e+00, -9.326175e-01, 0, 
controlindv89, 1.000000e+00, 4.089659e+00, -2.420163e-01, 0, 
controlindv90, 1.000000e+00, 4.671208e+00, -2.690906e-01, 0, 
controlindv91, 1.000000e+00, 4.117476e+00, -8.005674e-01, 0, 
controlindv92, 1.000000e+00, 5.832862e+00, -1.062971e+00, 0, 
controlindv93, 1.000000e+00, 4.939635e+00, -7.421464e-01, 0, 
controlindv94, 1.000000e+00, 2.173229e+00, -5.400942e-01, 0, 
controlindv95, 1.000000e+00, 2.701132e+00, -4.517935e-01, 0, 
controlindv96, 1.000000e+00, 4.292912e+00, -5.530512e-01, 0, 
controlindv97, 1.000000e+00, -7.092889e+00, 1.561930e-01, 0, 
controlindv98, 1.000000e+00, -4.750311e+00, 2.142421e-01, 0, 
controlindv99, 1.000000e+00, 6.059903e+00, -5.125350e-01, 0, 
controlindv100, 1.000000e+00, 4.202423e+00, -4.530705e-01, 0, 
controlindv101, 1.000000e+00, 5.629674e+00, -5.503152e-01, 0, 
controlindv102, 1.000000e+00, 5.431860e+00, -5.778755e-01, 0, 
controlindv103, 1.000000e+00, 9.374972e+00, -1.018736e+00, 0, 
controlindv104, 1.000000e+00, 8.649147e+00, -8.785262e-01, 0, 
controlindv105, 1.000000e+00, 8.453037e-02, -2.484798e-01, 0, 
controlindv106, 1.000000e+00, 6.979792e+00, -5.974558e-01, 0, 
controlindv107, 1.000000e+00, 3.301886e+00, -5.948981e-01, 0, 
controlindv108, 1.000000e+00, 7.078377e+00, -8.210704e-01, 0, 
controlindv109, 1.000000e+00, 8.488582e+00, -8.777616e-01, 0, 
controlindv110, 1.000000e+00, 5.871697e+00, -6.016960e-01, 0, 
controlindv111, 1.000000e+00, 4.579998e+00, -5.335432e-01, 0, 
controlindv112, 1.000000e+00, -4.792453e-01, -9.185696e-02, 0, 
controlindv113, 1.000000e+00, 2.831844e+00, -4.122220e-01, 0, 
controlindv114, 1.000000e+00, 2.343850e+00, -3.413889e-01, 0, 
controlindv115, 1.000000e+00, 2.859812e+00, -4.658413e-01, 0, 
controlindv116, 1.000000e+00, 1.526435e+00, -1.333720e-01, 0, 
controlindv117, 1.000000e+00, 1.542462e+00, -6.246021e-01, 0, 
controlindv118, 1.000000e+00, 2.550675e+00, -6.358849e-01, 0, 
controlindv119, 1.000000e+00, 3.193011e+00, -6.586484e-01, 0, 
controlindv120, 1.000000e+00, 3.025468e+00, -6.221643e-01, 0, 
controlindv121, 1.000000e+00, -6.754573e+00, 3.391351e-01, 0, 
controlindv122, 1.000000e+00, 4.636974e+00, -5.696244e-01, 0, 
controlindv123, 1.000000e+00, 4.114517e+00, -5.280908e-01, 0, 
controlindv124, 1.000000e+00, 2.552696e+00, -5.135698e-01, 0, 
controlindv125, 1.000000e+00, 4.216156e+00, -1.815260e-01, 0, 
controlindv126, 1.000000e+00, 3.272973e+00, -4.113108e-01, 0, 
controlindv127, 1.000000e+00, 4.470766e+00, -6.098617e-01, 0, 
controlindv128, 1.000000e+00, 4.103974e-01, -1.222393e-01, 0, 
controlindv129, 1.000000e+00, 8.188060e+00, -1.050506e+00, 0, 
controlindv130, 1.000000e+00, -4.650986e+00, -2.982921e-02, 0, 
controlindv131, 1.000000e+00, -2.083199e-01, -1.111171e-01, 0, 
controlindv132, 1.000000e+00, -4.158256e-01, -3.486588e-01, 0, 
controlindv133, 1.000000e+00, -3.059843e+00, -2.484434e-01, 0, 
controlindv134, 1.000000e+00, -4.370490e+00, -5.637064e-02, 0, 
controlindv135, 1.000000e+00, 8.353400e-01, -3.222241e-01, 0, 
controlindv136, 1.000000e+00, 3.778345e+00, -2.534886e-01, 0, 
controlindv137, 1.000000e+00, 5.967450e+00, -8.369290e-01, 0, 
controlindv138, 1.000000e+00, -8.954710e-01, -2.595405e-04, 0, 
controlindv139, 1.000000e+00, -3.290398e+00, 1.788118e-01, 0, 
controlindv140, 1.000000e+00, 9.045473e+00, -8.827876e-01, 0, 
controlindv141, 1.000000e+00, 1.442519e+00, -2.421179e-01, 0, 
controlindv142, 1.000000e+00, 8.956331e+00, -9.385258e-01, 0, 
controlindv143, 1.000000e+00, 5.080637e+00, -2.869396e-01, 0, 
controlindv144, 1.000000e+00, -6.887663e-01, -4.284160e-01, 0, 
controlindv145, 1.000000e+00, 2.933714e+00, -7.581626e-01, 0, 
controlindv146, 1.000000e+00, 6.933282e+00, -7.686148e-01, 0, 
controlindv147, 1.000000e+00, -1.531733e+00, 3.061367e-02, 0, 
controlindv148, 1.000000e+00, 2.381360e+00, -6.376026e-01, 0, 
controlindv149, 1.000000e+00, 3.219899e+00, -6.021190e-01, 0, 
controlindv150, 1.000000e+00, 2.708500e+00, -4.732977e-01, 0, 
controlindv151, 1.000000e+00, 2.014653e+00, -4.639589e-01, 0, 
controlindv152, 1.000000e+00, -1.181432e+00, -5.424990e-02, 0, 
controlindv153, 1.000000e+00, 2.896942e+00, -5.007834e-01, 0, 
controlindv154, 1.000000e+00, 9.034894e+00, -9.980158e-01, 0, 
controlindv155, 1.000000e+00, 1.497621e+00, -9.529662e-02, 0, 
controlindv156, 1.000000e+00, 2.480974e+00, -6.201127e-01, 0, 
controlindv157, 1.000000e+00, 4.212483e+00, -8.200321e-01, 0, 
controlindv158, 1.000000e+00, 3.958974e+00, -4.596628e-01, 0, 
controlindv159, 1.000000e+00, -5.288139e-01, -4.649972e-01, 0, 
controlindv160, 1.000000e+00, 5.898802e+00, -2.811449e-01, 0, 
controlindv161, 1.000000e+00, 3.903954e+00, -7.213024e-01, 0, 
controlindv162, 1.000000e+00, -4.160783e-01, -3.608843e-01, 0, 
controlindv163, 1.000000e+00, -5.354041e+00, 6.996709e-02, 0, 
controlindv164, 1.000000e+00, -2.063265e+00, -2.626955e-01, 0, 
controlindv165, 1.000000e+00, 3.078445e+00, -3.026663e-01, 0, 
controlindv166, 1.000000e+00, 7.058382e+00, -8.638302e-01, 0, 
controlindv167, 1.000000e+00, 6.324892e+00, -9.825714e-01, 0, 
controlindv168, 1.000000e+00, -9.313048e-01, -3.128837e-01, 0, 
controlindv169, 1.000000e+00, 4.358406e+00, -4.853099e-01, 0, 
controlindv170, 1.000000e+00, 8.667798e+00, -1.063863e+00, 0, 
controlindv171, 1.000000e+00, 3.367918e+00, -3.840361e-01, 0, 
controlindv172, 1.000000e+00, 1.812619e+00, -5.524923e-01, 0, 
controlindv173, 1.000000e+00, 4.303155e+00, -4.281726e-01, 0, 
controlindv174, 1.000000e+00, -1.130337e+00, -1.019861e-01, 0, 
controlindv175, 1.000000e+00, -4.171353e-02, 4.736563e-02, 0, 
controlindv176, 1.000000e+00, 8.684594e-03, -2.698225e-01, 0, 
controlindv177, 1.000000e+00, 3.525209e+00, -4.080248e-01, 0, 
controlindv178, 1.000000e+00, 4.990253e+00, -8.331016e-01, 0, 
controlindv179, 1.000000e+00, 1.016303e+00, -1.765393e-01, 0, 
controlindv180, 1.000000e+00, -4.987755e-01, -5.072507e-02, 0, 
controlindv181, 1.000000e+00, 5.147936e+00, -4.782621e-01, 0, 
controlindv182, 1.000000e+00, 5.579591e+00, -6.674583e-01, 0, 
controlindv183, 1.000000e+00, 1.729749e+00, -3.226715e-01, 0, 
controlindv184, 1.000000e+00, -4.355912e+00, -1.603061e-01, 0, 
controlindv185, 1.000000e+00, 6.826978e+00, -7.123181e-01, 0, 
controlindv186, 1.000000e+00, -2.022880e-01, -1.701790e-01, 0, 
controlindv187, 1.000000e+00, 1.729117e+00, -1.682682e-01, 0, 
controlindv188, 1.000000e+00, -1.101985e+00, -5.193847e-01, 0, 
controlindv189, 1.000000e+00, 9.717579e-01, -3.008531e-01, 0, 
controlindv190, 1.000000e+00, 2.945872e+00, -6.954519e-01, 0, 
controlindv191, 1.000000e+00, 2.755400e+00, -2.510110e-01, 0, 
controlindv192, 1.000000e+00, 4.069459e+00, -5.571583e-01, 0, 
controlindv193, 1.000000e+00, 9.243804e+00, -9.311516e-01, 0, 
controlindv194, 1.000000e+00, 4.852073e+00, -4.748083e-01, 0, 
controlindv195, 1.000000e+00, 1.737131e+00, -3.955144e-01, 0, 
controlindv196, 1.000000e+00, 4.391178e+00, -4.699893e-01, 0, 
controlindv197, 1.000000e+00, 4.750126e+00, -7.590361e-01, 0, 
controlindv198, 1.000000e+00, 3.649216e+00, -5.042426e-01, 0, 
controlindv199, 1.000000e+00, -9.243059e-02, -3.953938e-01, 0, 
