IID, true_phens, raw_effects_prs, pval_derived_effects_prs, sex
controlindv0, 1.000000e+00, 4.015656e+00, -4.496876e-01, 0, 
controlindv1, 1.000000e+00, 3.830080e+00, -6.128398e-01, 0, 
controlindv2, 1.000000e+00, 1.942879e+00, -3.808158e-01, 0, 
controlindv3, 1.000000e+00, 3.506495e+00, -4.185299e-01, 0, 
controlindv4, 1.000000e+00, 4.818667e+00, -3.737758e-01, 0, 
controlindv5, 1.000000e+00, 5.803579e+00, -5.795700e-01, 0, 
controlindv6, 1.000000e+00, 2.316850e+00, -1.227761e-01, 0, 
controlindv7, 1.000000e+00, 3.100063e+00, -3.884310e-01, 0, 
controlindv8, 1.000000e+00, 3.731958e+00, -4.262926e-01, 0, 
controlindv9, 1.000000e+00, 1.634395e+00, -1.596889e-01, 0, 
controlindv10, 1.000000e+00, 5.181168e+00, -3.629214e-01, 0, 
controlindv11, 1.000000e+00, 5.865826e+00, -6.375575e-01, 0, 
controlindv12, 1.000000e+00, 7.493890e+00, -3.362981e-01, 0, 
controlindv13, 1.000000e+00, 1.898962e+00, -4.030775e-01, 0, 
controlindv14, 1.000000e+00, -8.552811e-01, -4.240324e-02, 0, 
controlindv15, 1.000000e+00, 3.924273e+00, -5.780039e-01, 0, 
controlindv16, 1.000000e+00, 6.651831e+00, -5.599525e-01, 0, 
controlindv17, 1.000000e+00, 5.880574e+00, -3.347831e-01, 0, 
controlindv18, 1.000000e+00, -6.862104e-01, -1.520457e-01, 0, 
controlindv19, 1.000000e+00, 6.294716e+00, -6.697100e-01, 0, 
controlindv20, 1.000000e+00, 1.241608e+00, -2.862582e-01, 0, 
controlindv21, 1.000000e+00, 2.151300e+00, -4.014801e-01, 0, 
controlindv22, 1.000000e+00, 3.788161e+00, -4.885573e-01, 0, 
controlindv23, 1.000000e+00, -2.644603e-01, -1.737371e-01, 0, 
controlindv24, 1.000000e+00, 3.240165e+00, -4.636001e-01, 0, 
controlindv25, 1.000000e+00, 6.160396e+00, -7.242454e-01, 0, 
controlindv26, 1.000000e+00, 6.940944e+00, -5.749941e-01, 0, 
controlindv27, 1.000000e+00, 2.680990e+00, -4.787424e-01, 0, 
controlindv28, 1.000000e+00, 9.048054e-01, -2.879338e-01, 0, 
controlindv29, 1.000000e+00, 5.367835e+00, -6.772588e-01, 0, 
controlindv30, 1.000000e+00, 4.277688e+00, -6.397156e-01, 0, 
controlindv31, 1.000000e+00, 3.830323e+00, -3.857976e-01, 0, 
controlindv32, 1.000000e+00, 3.915187e+00, -6.311456e-01, 0, 
controlindv33, 1.000000e+00, 3.249052e+00, -5.517653e-01, 0, 
controlindv34, 1.000000e+00, 6.699921e+00, -6.498145e-01, 0, 
controlindv35, 1.000000e+00, 5.454273e+00, -6.843283e-01, 0, 
controlindv36, 1.000000e+00, 6.499766e+00, -5.920164e-01, 0, 
controlindv37, 1.000000e+00, 3.973702e+00, -1.424993e-01, 0, 
controlindv38, 1.000000e+00, 6.446525e+00, -6.479082e-01, 0, 
controlindv39, 1.000000e+00, 9.953213e+00, -1.061969e+00, 0, 
controlindv40, 1.000000e+00, 4.930242e+00, -6.405167e-01, 0, 
controlindv41, 1.000000e+00, 3.124163e+00, -4.139284e-01, 0, 
controlindv42, 1.000000e+00, 3.538147e+00, -3.338862e-01, 0, 
controlindv43, 1.000000e+00, 4.005765e+00, -4.542522e-01, 0, 
controlindv44, 1.000000e+00, 5.675718e+00, -5.419553e-01, 0, 
controlindv45, 1.000000e+00, 5.868453e+00, -5.823779e-01, 0, 
controlindv46, 1.000000e+00, 3.168127e+00, -4.779163e-01, 0, 
controlindv47, 1.000000e+00, 3.196130e+00, -4.930158e-01, 0, 
controlindv48, 1.000000e+00, 4.700823e+00, -5.895820e-01, 0, 
controlindv49, 1.000000e+00, 5.520125e+00, -5.303536e-01, 0, 
controlindv50, 1.000000e+00, 3.049765e+00, -3.458908e-01, 0, 
controlindv51, 1.000000e+00, 3.990938e+00, -5.987522e-01, 0, 
controlindv52, 1.000000e+00, 4.921684e+00, -6.822117e-01, 0, 
controlindv53, 1.000000e+00, 5.126982e+00, -5.115346e-01, 0, 
controlindv54, 1.000000e+00, 5.922094e+00, -5.132401e-01, 0, 
controlindv55, 1.000000e+00, 1.471907e+00, -2.035668e-01, 0, 
controlindv56, 1.000000e+00, 3.674000e+00, -2.177272e-01, 0, 
controlindv57, 1.000000e+00, 5.542866e+00, -4.524428e-01, 0, 
controlindv58, 1.000000e+00, 4.416547e+00, -2.824246e-01, 0, 
controlindv59, 1.000000e+00, 6.140168e+00, -8.687300e-01, 0, 
controlindv60, 1.000000e+00, 1.791109e+00, -3.823325e-01, 0, 
controlindv61, 1.000000e+00, 2.674636e+00, -6.059274e-01, 0, 
controlindv62, 1.000000e+00, 1.323329e+00, -3.771522e-01, 0, 
controlindv63, 1.000000e+00, 6.449781e+00, -4.295723e-01, 0, 
controlindv64, 1.000000e+00, 1.979892e+00, -4.140740e-01, 0, 
controlindv65, 1.000000e+00, 1.016876e+01, -6.345990e-01, 0, 
controlindv66, 1.000000e+00, 8.783326e+00, -8.162139e-01, 0, 
controlindv67, 1.000000e+00, 4.730225e+00, -3.682336e-01, 0, 
controlindv68, 1.000000e+00, 5.604754e+00, -3.529966e-01, 0, 
controlindv69, 1.000000e+00, 6.802829e+00, -5.046339e-01, 0, 
controlindv70, 1.000000e+00, 5.654882e+00, -6.683892e-01, 0, 
controlindv71, 1.000000e+00, 7.801109e+00, -6.634539e-01, 0, 
controlindv72, 1.000000e+00, 5.552371e+00, -5.895539e-01, 0, 
controlindv73, 1.000000e+00, 3.450246e+00, -2.981452e-01, 0, 
controlindv74, 1.000000e+00, 7.546989e+00, -6.681078e-01, 0, 
controlindv75, 1.000000e+00, 1.091500e+00, -1.821113e-01, 0, 
controlindv76, 1.000000e+00, 2.895552e+00, -2.687846e-01, 0, 
controlindv77, 1.000000e+00, 3.783605e+00, -2.303975e-01, 0, 
controlindv78, 1.000000e+00, 4.147051e+00, -3.206441e-01, 0, 
controlindv79, 1.000000e+00, 6.867241e+00, -6.362898e-01, 0, 
controlindv80, 1.000000e+00, 6.731869e+00, -7.539323e-01, 0, 
controlindv81, 1.000000e+00, 2.753038e+00, -2.886882e-01, 0, 
controlindv82, 1.000000e+00, 9.174375e+00, -6.743035e-01, 0, 
controlindv83, 1.000000e+00, 5.581597e-01, -1.890411e-01, 0, 
controlindv84, 1.000000e+00, 2.812276e+00, -3.864115e-01, 0, 
controlindv85, 1.000000e+00, 2.839438e+00, -1.470094e-01, 0, 
controlindv86, 1.000000e+00, 7.240024e+00, -6.332034e-01, 0, 
controlindv87, 1.000000e+00, 3.704112e+00, -4.087253e-01, 0, 
controlindv88, 1.000000e+00, 6.667430e+00, -4.652450e-01, 0, 
controlindv89, 1.000000e+00, 2.450965e+00, -2.183250e-01, 0, 
controlindv90, 1.000000e+00, -6.565836e-01, -2.237616e-01, 0, 
controlindv91, 1.000000e+00, 5.555147e+00, -4.686822e-01, 0, 
controlindv92, 1.000000e+00, 2.829753e+00, -3.861671e-01, 0, 
controlindv93, 1.000000e+00, 3.188847e+00, -4.369027e-01, 0, 
controlindv94, 1.000000e+00, 7.716252e+00, -5.517954e-01, 0, 
controlindv95, 1.000000e+00, 3.183347e+00, -3.022398e-01, 0, 
controlindv96, 1.000000e+00, 2.427933e+00, -4.418283e-01, 0, 
controlindv97, 1.000000e+00, 5.128617e+00, -5.449539e-01, 0, 
controlindv98, 1.000000e+00, 4.224129e+00, -4.157871e-01, 0, 
controlindv99, 1.000000e+00, 4.787993e+00, -3.888908e-01, 0, 
controlindv100, 1.000000e+00, 6.973929e+00, -4.989861e-01, 0, 
controlindv101, 1.000000e+00, 4.154816e+00, -2.188686e-01, 0, 
controlindv102, 1.000000e+00, 6.717576e+00, -5.098031e-01, 0, 
controlindv103, 1.000000e+00, 3.746200e+00, -4.483867e-01, 0, 
controlindv104, 1.000000e+00, 3.560576e+00, -4.364303e-01, 0, 
controlindv105, 1.000000e+00, 7.377640e+00, -5.367184e-01, 0, 
controlindv106, 1.000000e+00, 6.064166e+00, -3.055784e-01, 0, 
controlindv107, 1.000000e+00, 2.704642e+00, -6.882729e-01, 0, 
controlindv108, 1.000000e+00, 2.039182e+00, -3.767218e-01, 0, 
controlindv109, 1.000000e+00, 3.797675e+00, -5.335837e-01, 0, 
controlindv110, 1.000000e+00, 4.416165e+00, -5.104620e-01, 0, 
controlindv111, 1.000000e+00, 5.172373e+00, -7.550709e-01, 0, 
controlindv112, 1.000000e+00, 3.492525e+00, -3.381274e-01, 0, 
controlindv113, 1.000000e+00, 1.190648e+01, -1.233851e+00, 0, 
controlindv114, 1.000000e+00, 2.452246e+00, -4.024223e-01, 0, 
controlindv115, 1.000000e+00, 6.304874e+00, -4.342751e-01, 0, 
controlindv116, 1.000000e+00, 4.150402e+00, -4.233921e-01, 0, 
controlindv117, 1.000000e+00, 5.275609e+00, -3.290899e-01, 0, 
controlindv118, 1.000000e+00, 6.633734e+00, -5.772372e-01, 0, 
controlindv119, 1.000000e+00, 8.521058e+00, -7.691465e-01, 0, 
controlindv120, 1.000000e+00, 5.209131e+00, -5.376492e-01, 0, 
controlindv121, 1.000000e+00, 6.718421e+00, -6.759193e-01, 0, 
controlindv122, 1.000000e+00, 4.592200e+00, -5.653508e-01, 0, 
controlindv123, 1.000000e+00, 3.815495e+00, -4.761566e-01, 0, 
controlindv124, 1.000000e+00, 2.929333e+00, -1.958958e-01, 0, 
controlindv125, 1.000000e+00, 5.924957e+00, -5.318514e-01, 0, 
controlindv126, 1.000000e+00, 4.887352e+00, -4.541946e-01, 0, 
controlindv127, 1.000000e+00, 5.176413e+00, -8.160973e-01, 0, 
controlindv128, 1.000000e+00, 6.547326e+00, -4.842570e-01, 0, 
controlindv129, 1.000000e+00, 5.217952e+00, -6.805587e-01, 0, 
controlindv130, 1.000000e+00, 3.925791e+00, -2.731288e-01, 0, 
controlindv131, 1.000000e+00, 2.920236e+00, -5.332988e-01, 0, 
controlindv132, 1.000000e+00, 6.640181e+00, -6.301308e-01, 0, 
controlindv133, 1.000000e+00, 1.763534e+00, -3.911964e-01, 0, 
controlindv134, 1.000000e+00, 7.931033e+00, -6.739153e-01, 0, 
controlindv135, 1.000000e+00, 5.040858e+00, -4.681114e-01, 0, 
controlindv136, 1.000000e+00, 5.581373e+00, -6.731418e-01, 0, 
controlindv137, 1.000000e+00, 5.211728e+00, -4.059113e-01, 0, 
controlindv138, 1.000000e+00, 6.539033e+00, -8.576780e-01, 0, 
controlindv139, 1.000000e+00, 8.937451e+00, -8.108925e-01, 0, 
controlindv140, 1.000000e+00, 2.626312e+00, -3.554906e-01, 0, 
controlindv141, 1.000000e+00, 3.471949e+00, -4.219082e-01, 0, 
controlindv142, 1.000000e+00, 4.967104e+00, -2.178418e-01, 0, 
controlindv143, 1.000000e+00, 4.541998e+00, -2.966731e-01, 0, 
controlindv144, 1.000000e+00, 5.101524e-01, -3.933047e-01, 0, 
controlindv145, 1.000000e+00, 4.859842e+00, -3.802136e-01, 0, 
controlindv146, 1.000000e+00, 4.261535e+00, -4.974474e-01, 0, 
controlindv147, 1.000000e+00, 2.105592e+00, -3.894274e-01, 0, 
controlindv148, 1.000000e+00, 7.317510e+00, -8.095258e-01, 0, 
controlindv149, 1.000000e+00, 6.676672e+00, -6.790977e-01, 0, 
controlindv150, 1.000000e+00, 4.035406e+00, -2.894777e-01, 0, 
controlindv151, 1.000000e+00, 3.581141e-01, -9.836375e-02, 0, 
controlindv152, 1.000000e+00, 5.525159e+00, -5.017087e-01, 0, 
controlindv153, 1.000000e+00, 4.343832e+00, -6.098757e-01, 0, 
controlindv154, 1.000000e+00, 2.330428e+00, -9.676311e-02, 0, 
controlindv155, 1.000000e+00, 3.511895e+00, -4.141686e-01, 0, 
controlindv156, 1.000000e+00, 1.063032e+00, -1.331386e-01, 0, 
controlindv157, 1.000000e+00, 3.904966e+00, -4.767276e-01, 0, 
controlindv158, 1.000000e+00, 8.614846e+00, -6.582321e-01, 0, 
controlindv159, 1.000000e+00, 4.142427e+00, -3.918444e-01, 0, 
controlindv160, 1.000000e+00, 6.664844e+00, -5.555641e-01, 0, 
controlindv161, 1.000000e+00, 6.378563e+00, -6.548024e-01, 0, 
controlindv162, 1.000000e+00, 8.173460e+00, -6.968010e-01, 0, 
controlindv163, 1.000000e+00, 7.725746e+00, -8.586309e-01, 0, 
controlindv164, 1.000000e+00, 4.472627e+00, -3.825953e-01, 0, 
controlindv165, 1.000000e+00, 6.574968e-01, -1.300098e-01, 0, 
controlindv166, 1.000000e+00, 3.279193e+00, -5.293448e-01, 0, 
controlindv167, 1.000000e+00, 6.996581e+00, -5.128945e-01, 0, 
controlindv168, 1.000000e+00, 3.289327e+00, -4.134496e-01, 0, 
controlindv169, 1.000000e+00, 4.678645e+00, -5.147567e-01, 0, 
controlindv170, 1.000000e+00, 6.890610e+00, -5.137602e-01, 0, 
controlindv171, 1.000000e+00, 2.666809e+00, -4.792690e-01, 0, 
controlindv172, 1.000000e+00, 4.156095e+00, -3.407632e-01, 0, 
controlindv173, 1.000000e+00, 6.255115e+00, -4.164599e-01, 0, 
controlindv174, 1.000000e+00, 9.143541e+00, -8.773360e-01, 0, 
controlindv175, 1.000000e+00, 7.910042e+00, -6.046505e-01, 0, 
controlindv176, 1.000000e+00, 3.312431e+00, -1.908036e-01, 0, 
controlindv177, 1.000000e+00, 5.535551e+00, -4.887411e-01, 0, 
controlindv178, 1.000000e+00, 7.709735e+00, -6.957008e-01, 0, 
controlindv179, 1.000000e+00, 4.313167e+00, -4.179785e-01, 0, 
controlindv180, 1.000000e+00, 2.283013e+00, -8.227688e-02, 0, 
controlindv181, 1.000000e+00, 4.204028e+00, -4.921435e-01, 0, 
controlindv182, 1.000000e+00, 2.287666e+00, -4.124283e-01, 0, 
controlindv183, 1.000000e+00, 3.527405e+00, -4.413672e-01, 0, 
controlindv184, 1.000000e+00, 3.321492e+00, -3.768933e-01, 0, 
controlindv185, 1.000000e+00, 6.979143e+00, -7.391527e-01, 0, 
controlindv186, 1.000000e+00, 5.647009e+00, -5.103794e-01, 0, 
controlindv187, 1.000000e+00, 1.278801e+00, -3.132263e-01, 0, 
controlindv188, 1.000000e+00, 1.336789e+00, -1.725517e-01, 0, 
controlindv189, 1.000000e+00, 2.320735e+00, -4.911468e-01, 0, 
controlindv190, 1.000000e+00, 6.217668e+00, -6.940103e-01, 0, 
controlindv191, 1.000000e+00, 3.463689e+00, -4.726264e-01, 0, 
controlindv192, 1.000000e+00, 7.739686e+00, -6.828533e-01, 0, 
controlindv193, 1.000000e+00, 4.791935e+00, -6.877276e-01, 0, 
controlindv194, 1.000000e+00, 4.332310e+00, -4.101203e-01, 0, 
controlindv195, 1.000000e+00, 7.788757e+00, -6.894133e-01, 0, 
controlindv196, 1.000000e+00, 2.624142e+00, -3.835117e-01, 0, 
controlindv197, 1.000000e+00, 4.466005e+00, -4.430184e-01, 0, 
controlindv198, 1.000000e+00, 3.301497e+00, -3.060826e-01, 0, 
controlindv199, 1.000000e+00, 8.767721e+00, -7.440845e-01, 0, 
caseindv0, 2.000000e+00, 4.015656e+00, -4.496876e-01, 0, 
caseindv1, 2.000000e+00, 3.830080e+00, -6.128398e-01, 0, 
caseindv2, 2.000000e+00, 1.942879e+00, -3.808158e-01, 0, 
caseindv3, 2.000000e+00, 3.506495e+00, -4.185299e-01, 0, 
caseindv4, 2.000000e+00, 4.818667e+00, -3.737758e-01, 0, 
caseindv5, 2.000000e+00, 5.803579e+00, -5.795700e-01, 0, 
caseindv6, 2.000000e+00, 2.316850e+00, -1.227761e-01, 0, 
caseindv7, 2.000000e+00, 3.100063e+00, -3.884310e-01, 0, 
caseindv8, 2.000000e+00, 3.731958e+00, -4.262926e-01, 0, 
caseindv9, 2.000000e+00, 1.634395e+00, -1.596889e-01, 0, 
caseindv10, 2.000000e+00, 5.181168e+00, -3.629214e-01, 0, 
caseindv11, 2.000000e+00, 5.865826e+00, -6.375575e-01, 0, 
caseindv12, 2.000000e+00, 7.493890e+00, -3.362981e-01, 0, 
caseindv13, 2.000000e+00, 1.898962e+00, -4.030775e-01, 0, 
caseindv14, 2.000000e+00, -8.552811e-01, -4.240324e-02, 0, 
caseindv15, 2.000000e+00, 3.924273e+00, -5.780039e-01, 0, 
caseindv16, 2.000000e+00, 6.651831e+00, -5.599525e-01, 0, 
caseindv17, 2.000000e+00, 5.880574e+00, -3.347831e-01, 0, 
caseindv18, 2.000000e+00, -6.862104e-01, -1.520457e-01, 0, 
caseindv19, 2.000000e+00, 6.294716e+00, -6.697100e-01, 0, 
caseindv20, 2.000000e+00, 1.241608e+00, -2.862582e-01, 0, 
caseindv21, 2.000000e+00, 2.151300e+00, -4.014801e-01, 0, 
caseindv22, 2.000000e+00, 3.788161e+00, -4.885573e-01, 0, 
caseindv23, 2.000000e+00, -2.644603e-01, -1.737371e-01, 0, 
caseindv24, 2.000000e+00, 3.240165e+00, -4.636001e-01, 0, 
caseindv25, 2.000000e+00, 6.160396e+00, -7.242454e-01, 0, 
caseindv26, 2.000000e+00, 6.940944e+00, -5.749941e-01, 0, 
caseindv27, 2.000000e+00, 2.680990e+00, -4.787424e-01, 0, 
caseindv28, 2.000000e+00, 9.048054e-01, -2.879338e-01, 0, 
caseindv29, 2.000000e+00, 5.367835e+00, -6.772588e-01, 0, 
caseindv30, 2.000000e+00, 4.277688e+00, -6.397156e-01, 0, 
caseindv31, 2.000000e+00, 3.830323e+00, -3.857976e-01, 0, 
caseindv32, 2.000000e+00, 3.915187e+00, -6.311456e-01, 0, 
caseindv33, 2.000000e+00, 3.249052e+00, -5.517653e-01, 0, 
caseindv34, 2.000000e+00, 6.699921e+00, -6.498145e-01, 0, 
caseindv35, 2.000000e+00, 5.454273e+00, -6.843283e-01, 0, 
caseindv36, 2.000000e+00, 6.499766e+00, -5.920164e-01, 0, 
caseindv37, 2.000000e+00, 3.973702e+00, -1.424993e-01, 0, 
caseindv38, 2.000000e+00, 6.446525e+00, -6.479082e-01, 0, 
caseindv39, 2.000000e+00, 9.953213e+00, -1.061969e+00, 0, 
caseindv40, 2.000000e+00, 4.930242e+00, -6.405167e-01, 0, 
caseindv41, 2.000000e+00, 3.124163e+00, -4.139284e-01, 0, 
caseindv42, 2.000000e+00, 3.538147e+00, -3.338862e-01, 0, 
caseindv43, 2.000000e+00, 4.005765e+00, -4.542522e-01, 0, 
caseindv44, 2.000000e+00, 5.675718e+00, -5.419553e-01, 0, 
caseindv45, 2.000000e+00, 5.868453e+00, -5.823779e-01, 0, 
caseindv46, 2.000000e+00, 3.168127e+00, -4.779163e-01, 0, 
caseindv47, 2.000000e+00, 3.196130e+00, -4.930158e-01, 0, 
caseindv48, 2.000000e+00, 4.700823e+00, -5.895820e-01, 0, 
caseindv49, 2.000000e+00, 5.520125e+00, -5.303536e-01, 0, 
caseindv50, 2.000000e+00, 3.049765e+00, -3.458908e-01, 0, 
caseindv51, 2.000000e+00, 3.990938e+00, -5.987522e-01, 0, 
caseindv52, 2.000000e+00, 4.921684e+00, -6.822117e-01, 0, 
caseindv53, 2.000000e+00, 5.126982e+00, -5.115346e-01, 0, 
caseindv54, 2.000000e+00, 5.922094e+00, -5.132401e-01, 0, 
caseindv55, 2.000000e+00, 1.471907e+00, -2.035668e-01, 0, 
caseindv56, 2.000000e+00, 3.674000e+00, -2.177272e-01, 0, 
caseindv57, 2.000000e+00, 5.542866e+00, -4.524428e-01, 0, 
caseindv58, 2.000000e+00, 4.416547e+00, -2.824246e-01, 0, 
caseindv59, 2.000000e+00, 6.140168e+00, -8.687300e-01, 0, 
caseindv60, 2.000000e+00, 1.791109e+00, -3.823325e-01, 0, 
caseindv61, 2.000000e+00, 2.674636e+00, -6.059274e-01, 0, 
caseindv62, 2.000000e+00, 1.323329e+00, -3.771522e-01, 0, 
caseindv63, 2.000000e+00, 6.449781e+00, -4.295723e-01, 0, 
caseindv64, 2.000000e+00, 1.979892e+00, -4.140740e-01, 0, 
caseindv65, 2.000000e+00, 1.016876e+01, -6.345990e-01, 0, 
caseindv66, 2.000000e+00, 8.783326e+00, -8.162139e-01, 0, 
caseindv67, 2.000000e+00, 4.730225e+00, -3.682336e-01, 0, 
caseindv68, 2.000000e+00, 5.604754e+00, -3.529966e-01, 0, 
caseindv69, 2.000000e+00, 6.802829e+00, -5.046339e-01, 0, 
caseindv70, 2.000000e+00, 5.654882e+00, -6.683892e-01, 0, 
caseindv71, 2.000000e+00, 7.801109e+00, -6.634539e-01, 0, 
caseindv72, 2.000000e+00, 5.552371e+00, -5.895539e-01, 0, 
caseindv73, 2.000000e+00, 3.450246e+00, -2.981452e-01, 0, 
caseindv74, 2.000000e+00, 7.546989e+00, -6.681078e-01, 0, 
caseindv75, 2.000000e+00, 1.091500e+00, -1.821113e-01, 0, 
caseindv76, 2.000000e+00, 2.895552e+00, -2.687846e-01, 0, 
caseindv77, 2.000000e+00, 3.783605e+00, -2.303975e-01, 0, 
caseindv78, 2.000000e+00, 4.147051e+00, -3.206441e-01, 0, 
caseindv79, 2.000000e+00, 6.867241e+00, -6.362898e-01, 0, 
caseindv80, 2.000000e+00, 6.731869e+00, -7.539323e-01, 0, 
caseindv81, 2.000000e+00, 2.753038e+00, -2.886882e-01, 0, 
caseindv82, 2.000000e+00, 9.174375e+00, -6.743035e-01, 0, 
caseindv83, 2.000000e+00, 5.581597e-01, -1.890411e-01, 0, 
caseindv84, 2.000000e+00, 2.812276e+00, -3.864115e-01, 0, 
caseindv85, 2.000000e+00, 2.839438e+00, -1.470094e-01, 0, 
caseindv86, 2.000000e+00, 7.240024e+00, -6.332034e-01, 0, 
caseindv87, 2.000000e+00, 3.704112e+00, -4.087253e-01, 0, 
caseindv88, 2.000000e+00, 6.667430e+00, -4.652450e-01, 0, 
caseindv89, 2.000000e+00, 2.450965e+00, -2.183250e-01, 0, 
caseindv90, 2.000000e+00, -6.565836e-01, -2.237616e-01, 0, 
caseindv91, 2.000000e+00, 5.555147e+00, -4.686822e-01, 0, 
caseindv92, 2.000000e+00, 2.829753e+00, -3.861671e-01, 0, 
caseindv93, 2.000000e+00, 3.188847e+00, -4.369027e-01, 0, 
caseindv94, 2.000000e+00, 7.716252e+00, -5.517954e-01, 0, 
caseindv95, 2.000000e+00, 3.183347e+00, -3.022398e-01, 0, 
caseindv96, 2.000000e+00, 2.427933e+00, -4.418283e-01, 0, 
caseindv97, 2.000000e+00, 5.128617e+00, -5.449539e-01, 0, 
caseindv98, 2.000000e+00, 4.224129e+00, -4.157871e-01, 0, 
caseindv99, 2.000000e+00, 4.787993e+00, -3.888908e-01, 0, 
caseindv100, 2.000000e+00, 6.973929e+00, -4.989861e-01, 0, 
caseindv101, 2.000000e+00, 4.154816e+00, -2.188686e-01, 0, 
caseindv102, 2.000000e+00, 6.717576e+00, -5.098031e-01, 0, 
caseindv103, 2.000000e+00, 3.746200e+00, -4.483867e-01, 0, 
caseindv104, 2.000000e+00, 3.560576e+00, -4.364303e-01, 0, 
caseindv105, 2.000000e+00, 7.377640e+00, -5.367184e-01, 0, 
caseindv106, 2.000000e+00, 6.064166e+00, -3.055784e-01, 0, 
caseindv107, 2.000000e+00, 2.704642e+00, -6.882729e-01, 0, 
caseindv108, 2.000000e+00, 2.039182e+00, -3.767218e-01, 0, 
caseindv109, 2.000000e+00, 3.797675e+00, -5.335837e-01, 0, 
caseindv110, 2.000000e+00, 4.416165e+00, -5.104620e-01, 0, 
caseindv111, 2.000000e+00, 5.172373e+00, -7.550709e-01, 0, 
caseindv112, 2.000000e+00, 3.492525e+00, -3.381274e-01, 0, 
caseindv113, 2.000000e+00, 1.190648e+01, -1.233851e+00, 0, 
caseindv114, 2.000000e+00, 2.452246e+00, -4.024223e-01, 0, 
caseindv115, 2.000000e+00, 6.304874e+00, -4.342751e-01, 0, 
caseindv116, 2.000000e+00, 4.150402e+00, -4.233921e-01, 0, 
caseindv117, 2.000000e+00, 5.275609e+00, -3.290899e-01, 0, 
caseindv118, 2.000000e+00, 6.633734e+00, -5.772372e-01, 0, 
caseindv119, 2.000000e+00, 8.521058e+00, -7.691465e-01, 0, 
caseindv120, 2.000000e+00, 5.209131e+00, -5.376492e-01, 0, 
caseindv121, 2.000000e+00, 6.718421e+00, -6.759193e-01, 0, 
caseindv122, 2.000000e+00, 4.592200e+00, -5.653508e-01, 0, 
caseindv123, 2.000000e+00, 3.815495e+00, -4.761566e-01, 0, 
caseindv124, 2.000000e+00, 2.929333e+00, -1.958958e-01, 0, 
caseindv125, 2.000000e+00, 5.924957e+00, -5.318514e-01, 0, 
caseindv126, 2.000000e+00, 4.887352e+00, -4.541946e-01, 0, 
caseindv127, 2.000000e+00, 5.176413e+00, -8.160973e-01, 0, 
caseindv128, 2.000000e+00, 6.547326e+00, -4.842570e-01, 0, 
caseindv129, 2.000000e+00, 5.217952e+00, -6.805587e-01, 0, 
caseindv130, 2.000000e+00, 3.925791e+00, -2.731288e-01, 0, 
caseindv131, 2.000000e+00, 2.920236e+00, -5.332988e-01, 0, 
caseindv132, 2.000000e+00, 6.640181e+00, -6.301308e-01, 0, 
caseindv133, 2.000000e+00, 1.763534e+00, -3.911964e-01, 0, 
caseindv134, 2.000000e+00, 7.931033e+00, -6.739153e-01, 0, 
caseindv135, 2.000000e+00, 5.040858e+00, -4.681114e-01, 0, 
caseindv136, 2.000000e+00, 5.581373e+00, -6.731418e-01, 0, 
caseindv137, 2.000000e+00, 5.211728e+00, -4.059113e-01, 0, 
caseindv138, 2.000000e+00, 6.539033e+00, -8.576780e-01, 0, 
caseindv139, 2.000000e+00, 8.937451e+00, -8.108925e-01, 0, 
caseindv140, 2.000000e+00, 2.626312e+00, -3.554906e-01, 0, 
caseindv141, 2.000000e+00, 3.471949e+00, -4.219082e-01, 0, 
caseindv142, 2.000000e+00, 4.967104e+00, -2.178418e-01, 0, 
caseindv143, 2.000000e+00, 4.541998e+00, -2.966731e-01, 0, 
caseindv144, 2.000000e+00, 5.101524e-01, -3.933047e-01, 0, 
caseindv145, 2.000000e+00, 4.859842e+00, -3.802136e-01, 0, 
caseindv146, 2.000000e+00, 4.261535e+00, -4.974474e-01, 0, 
caseindv147, 2.000000e+00, 2.105592e+00, -3.894274e-01, 0, 
caseindv148, 2.000000e+00, 7.317510e+00, -8.095258e-01, 0, 
caseindv149, 2.000000e+00, 6.676672e+00, -6.790977e-01, 0, 
caseindv150, 2.000000e+00, 4.035406e+00, -2.894777e-01, 0, 
caseindv151, 2.000000e+00, 3.581141e-01, -9.836375e-02, 0, 
caseindv152, 2.000000e+00, 5.525159e+00, -5.017087e-01, 0, 
caseindv153, 2.000000e+00, 4.343832e+00, -6.098757e-01, 0, 
caseindv154, 2.000000e+00, 2.330428e+00, -9.676311e-02, 0, 
caseindv155, 2.000000e+00, 3.511895e+00, -4.141686e-01, 0, 
caseindv156, 2.000000e+00, 1.063032e+00, -1.331386e-01, 0, 
caseindv157, 2.000000e+00, 3.904966e+00, -4.767276e-01, 0, 
caseindv158, 2.000000e+00, 8.614846e+00, -6.582321e-01, 0, 
caseindv159, 2.000000e+00, 4.142427e+00, -3.918444e-01, 0, 
caseindv160, 2.000000e+00, 6.664844e+00, -5.555641e-01, 0, 
caseindv161, 2.000000e+00, 6.378563e+00, -6.548024e-01, 0, 
caseindv162, 2.000000e+00, 8.173460e+00, -6.968010e-01, 0, 
caseindv163, 2.000000e+00, 7.725746e+00, -8.586309e-01, 0, 
caseindv164, 2.000000e+00, 4.472627e+00, -3.825953e-01, 0, 
caseindv165, 2.000000e+00, 6.574968e-01, -1.300098e-01, 0, 
caseindv166, 2.000000e+00, 3.279193e+00, -5.293448e-01, 0, 
caseindv167, 2.000000e+00, 6.996581e+00, -5.128945e-01, 0, 
caseindv168, 2.000000e+00, 3.289327e+00, -4.134496e-01, 0, 
caseindv169, 2.000000e+00, 4.678645e+00, -5.147567e-01, 0, 
caseindv170, 2.000000e+00, 6.890610e+00, -5.137602e-01, 0, 
caseindv171, 2.000000e+00, 2.666809e+00, -4.792690e-01, 0, 
caseindv172, 2.000000e+00, 4.156095e+00, -3.407632e-01, 0, 
caseindv173, 2.000000e+00, 6.255115e+00, -4.164599e-01, 0, 
caseindv174, 2.000000e+00, 9.143541e+00, -8.773360e-01, 0, 
caseindv175, 2.000000e+00, 7.910042e+00, -6.046505e-01, 0, 
caseindv176, 2.000000e+00, 3.312431e+00, -1.908036e-01, 0, 
caseindv177, 2.000000e+00, 5.535551e+00, -4.887411e-01, 0, 
caseindv178, 2.000000e+00, 7.709735e+00, -6.957008e-01, 0, 
caseindv179, 2.000000e+00, 4.313167e+00, -4.179785e-01, 0, 
caseindv180, 2.000000e+00, 2.283013e+00, -8.227688e-02, 0, 
caseindv181, 2.000000e+00, 4.204028e+00, -4.921435e-01, 0, 
caseindv182, 2.000000e+00, 2.287666e+00, -4.124283e-01, 0, 
caseindv183, 2.000000e+00, 3.527405e+00, -4.413672e-01, 0, 
caseindv184, 2.000000e+00, 3.321492e+00, -3.768933e-01, 0, 
caseindv185, 2.000000e+00, 6.979143e+00, -7.391527e-01, 0, 
caseindv186, 2.000000e+00, 5.647009e+00, -5.103794e-01, 0, 
caseindv187, 2.000000e+00, 1.278801e+00, -3.132263e-01, 0, 
caseindv188, 2.000000e+00, 1.336789e+00, -1.725517e-01, 0, 
caseindv189, 2.000000e+00, 2.320735e+00, -4.911468e-01, 0, 
caseindv190, 2.000000e+00, 6.217668e+00, -6.940103e-01, 0, 
caseindv191, 2.000000e+00, 3.463689e+00, -4.726264e-01, 0, 
caseindv192, 2.000000e+00, 7.739686e+00, -6.828533e-01, 0, 
caseindv193, 2.000000e+00, 4.791935e+00, -6.877276e-01, 0, 
caseindv194, 2.000000e+00, 4.332310e+00, -4.101203e-01, 0, 
caseindv195, 2.000000e+00, 7.788757e+00, -6.894133e-01, 0, 
caseindv196, 2.000000e+00, 2.624142e+00, -3.835117e-01, 0, 
caseindv197, 2.000000e+00, 4.466005e+00, -4.430184e-01, 0, 
caseindv198, 2.000000e+00, 3.301497e+00, -3.060826e-01, 0, 
caseindv199, 2.000000e+00, 8.767721e+00, -7.440845e-01, 0, 
