IID, true_phens, raw_effects_prs, pval_derived_effects_prs, sex
controlindv0, 1.000000e+00, -4.216399e-01, -3.151222e-01, 0, 
controlindv1, 1.000000e+00, -1.483037e+00, -1.991482e-01, 0, 
controlindv2, 1.000000e+00, 3.066724e+00, -8.327957e-01, 0, 
controlindv3, 1.000000e+00, -7.910270e-01, -3.703040e-01, 0, 
controlindv4, 1.000000e+00, -1.775504e-01, -2.432284e-01, 0, 
controlindv5, 1.000000e+00, 1.154437e+00, -3.322955e-01, 0, 
controlindv6, 1.000000e+00, 8.900555e-01, -4.579045e-01, 0, 
controlindv7, 1.000000e+00, -3.708226e+00, -1.086493e-01, 0, 
controlindv8, 1.000000e+00, -2.124268e-01, -1.029512e-01, 0, 
controlindv9, 1.000000e+00, -5.059793e+00, -2.658302e-02, 0, 
controlindv10, 1.000000e+00, 2.346357e+00, -4.016883e-01, 0, 
controlindv11, 1.000000e+00, 5.618136e-01, -4.762922e-01, 0, 
controlindv12, 1.000000e+00, 1.348651e+00, -6.413556e-01, 0, 
controlindv13, 1.000000e+00, 1.260618e-01, -3.481394e-01, 0, 
controlindv14, 1.000000e+00, -4.674599e+00, -1.461059e-01, 0, 
controlindv15, 1.000000e+00, 3.588194e-01, -5.485016e-01, 0, 
controlindv16, 1.000000e+00, 6.793830e-01, -4.502996e-01, 0, 
controlindv17, 1.000000e+00, -1.374918e+00, -4.547091e-01, 0, 
controlindv18, 1.000000e+00, -7.204216e-01, -1.771769e-01, 0, 
controlindv19, 1.000000e+00, -9.266604e-02, -2.317756e-01, 0, 
controlindv20, 1.000000e+00, -1.943856e+00, -1.256124e-01, 0, 
controlindv21, 1.000000e+00, -6.670834e-01, -2.811542e-01, 0, 
controlindv22, 1.000000e+00, 2.314761e+00, -5.550873e-01, 0, 
controlindv23, 1.000000e+00, 5.138284e-01, -1.578189e-01, 0, 
controlindv24, 1.000000e+00, -4.493826e-01, -2.999552e-01, 0, 
controlindv25, 1.000000e+00, 1.670099e-01, -5.499727e-01, 0, 
controlindv26, 1.000000e+00, -3.685700e+00, -2.441142e-02, 0, 
controlindv27, 1.000000e+00, 1.771280e+00, -5.751540e-01, 0, 
controlindv28, 1.000000e+00, -1.242735e+00, -4.723057e-01, 0, 
controlindv29, 1.000000e+00, 1.014454e+00, -3.517175e-01, 0, 
controlindv30, 1.000000e+00, 3.590208e+00, -6.668715e-01, 0, 
controlindv31, 1.000000e+00, -2.487072e+00, -7.776422e-02, 0, 
controlindv32, 1.000000e+00, -3.401931e+00, -4.457121e-02, 0, 
controlindv33, 1.000000e+00, 1.688325e+00, -3.074074e-01, 0, 
controlindv34, 1.000000e+00, -3.014660e-01, -2.216168e-01, 0, 
controlindv35, 1.000000e+00, -3.682477e+00, -3.556469e-02, 0, 
controlindv36, 1.000000e+00, -1.983759e+00, -1.681813e-01, 0, 
controlindv37, 1.000000e+00, -2.037100e-01, -3.370870e-01, 0, 
controlindv38, 1.000000e+00, 1.094570e+00, -2.878553e-01, 0, 
controlindv39, 1.000000e+00, -7.754157e-02, -4.326978e-01, 0, 
controlindv40, 1.000000e+00, 1.034170e+00, -5.165898e-01, 0, 
controlindv41, 1.000000e+00, 1.949473e-01, -3.332449e-01, 0, 
controlindv42, 1.000000e+00, -3.002218e+00, 6.413729e-04, 0, 
controlindv43, 1.000000e+00, 1.228317e+00, -5.267181e-01, 0, 
controlindv44, 1.000000e+00, -1.779023e+00, -3.138362e-01, 0, 
controlindv45, 1.000000e+00, -1.236957e+00, -4.369120e-01, 0, 
controlindv46, 1.000000e+00, 2.917195e+00, -5.295646e-01, 0, 
controlindv47, 1.000000e+00, 1.267634e+00, -5.885633e-01, 0, 
controlindv48, 1.000000e+00, 4.759159e-01, -5.723534e-01, 0, 
controlindv49, 1.000000e+00, 2.461858e+00, -4.596607e-01, 0, 
controlindv50, 1.000000e+00, -1.639976e+00, -2.443851e-01, 0, 
controlindv51, 1.000000e+00, 3.697229e+00, -8.201903e-01, 0, 
controlindv52, 1.000000e+00, 1.510966e+00, -5.654107e-01, 0, 
controlindv53, 1.000000e+00, 8.892710e-03, -3.153387e-01, 0, 
controlindv54, 1.000000e+00, 2.721681e+00, -5.353206e-01, 0, 
controlindv55, 1.000000e+00, 5.210323e-02, -2.580322e-01, 0, 
controlindv56, 1.000000e+00, 2.078894e+00, -4.413393e-01, 0, 
controlindv57, 1.000000e+00, -2.681401e+00, -6.694281e-02, 0, 
controlindv58, 1.000000e+00, 2.915263e+00, -6.220682e-01, 0, 
controlindv59, 1.000000e+00, 2.628209e+00, -5.777164e-01, 0, 
controlindv60, 1.000000e+00, 2.115816e+00, -5.201955e-01, 0, 
controlindv61, 1.000000e+00, 4.552601e-01, -5.083888e-01, 0, 
controlindv62, 1.000000e+00, -1.637040e+00, -2.741615e-01, 0, 
controlindv63, 1.000000e+00, -1.525644e+00, -6.957853e-02, 0, 
controlindv64, 1.000000e+00, -2.493777e-01, -2.711199e-01, 0, 
controlindv65, 1.000000e+00, 3.521636e+00, -5.218947e-01, 0, 
controlindv66, 1.000000e+00, 1.708160e+00, -3.674252e-01, 0, 
controlindv67, 1.000000e+00, -1.277317e+00, -3.663884e-01, 0, 
controlindv68, 1.000000e+00, 2.793879e-01, -1.997141e-01, 0, 
controlindv69, 1.000000e+00, -5.269972e-01, -9.145680e-02, 0, 
controlindv70, 1.000000e+00, -2.737762e+00, -5.935479e-02, 0, 
controlindv71, 1.000000e+00, -3.575423e+00, 2.774972e-02, 0, 
controlindv72, 1.000000e+00, 2.055846e+00, -4.776563e-01, 0, 
controlindv73, 1.000000e+00, 9.948268e-02, -3.722385e-01, 0, 
controlindv74, 1.000000e+00, -2.083377e+00, -1.632077e-01, 0, 
controlindv75, 1.000000e+00, -4.851310e-01, -3.178623e-01, 0, 
controlindv76, 1.000000e+00, -1.836450e+00, -1.010566e-01, 0, 
controlindv77, 1.000000e+00, 3.071144e+00, -6.268357e-01, 0, 
controlindv78, 1.000000e+00, 4.692182e+00, -5.627972e-01, 0, 
controlindv79, 1.000000e+00, 1.140012e+00, -4.690262e-01, 0, 
controlindv80, 1.000000e+00, -4.653850e+00, 7.737493e-02, 0, 
controlindv81, 1.000000e+00, 3.180728e+00, -6.812738e-01, 0, 
controlindv82, 1.000000e+00, 2.155459e+00, -3.536047e-01, 0, 
controlindv83, 1.000000e+00, 3.154373e-01, -1.321765e-01, 0, 
controlindv84, 1.000000e+00, -4.774064e-02, -2.784172e-01, 0, 
controlindv85, 1.000000e+00, -4.768386e+00, 2.796602e-02, 0, 
controlindv86, 1.000000e+00, -2.214042e+00, 7.503900e-02, 0, 
controlindv87, 1.000000e+00, 2.545131e+00, -9.197718e-01, 0, 
controlindv88, 1.000000e+00, 2.236110e+00, -4.937140e-01, 0, 
controlindv89, 1.000000e+00, -3.058635e+00, 3.654819e-03, 0, 
controlindv90, 1.000000e+00, -3.898937e-01, -2.321431e-01, 0, 
controlindv91, 1.000000e+00, 1.147001e-01, -2.708479e-01, 0, 
controlindv92, 1.000000e+00, -2.852977e+00, -1.556087e-03, 0, 
controlindv93, 1.000000e+00, 1.694562e-01, -2.201934e-01, 0, 
controlindv94, 1.000000e+00, 3.247586e-01, -3.178288e-01, 0, 
controlindv95, 1.000000e+00, -9.771887e-01, -3.952869e-01, 0, 
controlindv96, 1.000000e+00, -7.456115e-02, -5.149873e-01, 0, 
controlindv97, 1.000000e+00, 2.467460e+00, -1.918689e-01, 0, 
controlindv98, 1.000000e+00, 3.894428e+00, -8.629577e-01, 0, 
controlindv99, 1.000000e+00, 2.825901e+00, -7.002352e-01, 0, 
controlindv100, 1.000000e+00, 9.563603e-01, -4.640275e-01, 0, 
controlindv101, 1.000000e+00, -2.570089e-01, -3.769820e-01, 0, 
controlindv102, 1.000000e+00, -5.039199e-01, -8.054567e-02, 0, 
controlindv103, 1.000000e+00, -6.483884e-01, -2.569486e-01, 0, 
controlindv104, 1.000000e+00, 1.153187e+00, -4.849515e-01, 0, 
controlindv105, 1.000000e+00, 2.970025e+00, -8.361584e-01, 0, 
controlindv106, 1.000000e+00, -7.944207e-01, -4.917725e-01, 0, 
controlindv107, 1.000000e+00, -1.854181e+00, -1.088915e-01, 0, 
controlindv108, 1.000000e+00, -2.306401e+00, -2.124471e-01, 0, 
controlindv109, 1.000000e+00, 1.786471e-01, -1.686807e-01, 0, 
controlindv110, 1.000000e+00, -3.263235e+00, 4.617768e-02, 0, 
controlindv111, 1.000000e+00, 1.378751e+00, -3.426093e-01, 0, 
controlindv112, 1.000000e+00, 3.854050e+00, -6.974335e-01, 0, 
controlindv113, 1.000000e+00, -1.756661e+00, -6.930418e-02, 0, 
controlindv114, 1.000000e+00, 3.199865e+00, -5.521161e-01, 0, 
controlindv115, 1.000000e+00, 1.932426e+00, -3.393453e-01, 0, 
controlindv116, 1.000000e+00, -2.851449e-01, -1.458942e-01, 0, 
controlindv117, 1.000000e+00, 3.678078e+00, -7.486063e-01, 0, 
controlindv118, 1.000000e+00, -1.789544e-01, -4.554795e-01, 0, 
controlindv119, 1.000000e+00, -1.968917e+00, -1.239623e-01, 0, 
controlindv120, 1.000000e+00, -1.112401e+00, -1.312363e-01, 0, 
controlindv121, 1.000000e+00, 1.382839e+00, -4.574194e-01, 0, 
controlindv122, 1.000000e+00, 7.089589e-01, -4.162688e-01, 0, 
controlindv123, 1.000000e+00, 9.488367e-01, -4.111443e-01, 0, 
controlindv124, 1.000000e+00, 1.014846e+00, -6.374611e-01, 0, 
controlindv125, 1.000000e+00, 1.350910e+00, -4.429146e-01, 0, 
controlindv126, 1.000000e+00, 1.605628e+00, -1.988675e-01, 0, 
controlindv127, 1.000000e+00, -3.221508e+00, -2.414336e-01, 0, 
controlindv128, 1.000000e+00, 1.720848e+00, -3.934801e-01, 0, 
controlindv129, 1.000000e+00, 1.659995e+00, -4.733944e-01, 0, 
controlindv130, 1.000000e+00, 5.533147e-02, -2.994392e-01, 0, 
controlindv131, 1.000000e+00, 4.639222e-01, -4.059894e-01, 0, 
controlindv132, 1.000000e+00, -1.683527e+00, -2.193520e-01, 0, 
controlindv133, 1.000000e+00, 3.326174e+00, -5.511795e-01, 0, 
controlindv134, 1.000000e+00, -1.802629e+00, -1.722994e-01, 0, 
controlindv135, 1.000000e+00, 4.827082e-01, -1.052196e-01, 0, 
controlindv136, 1.000000e+00, 6.351604e-01, -2.940871e-01, 0, 
controlindv137, 1.000000e+00, 1.545438e+00, -5.358091e-01, 0, 
controlindv138, 1.000000e+00, -8.307347e-01, -4.744372e-01, 0, 
controlindv139, 1.000000e+00, -3.334915e-02, -2.968053e-01, 0, 
controlindv140, 1.000000e+00, -8.030608e-01, -2.290505e-01, 0, 
controlindv141, 1.000000e+00, -1.736991e-01, -3.782876e-01, 0, 
controlindv142, 1.000000e+00, -1.580660e-01, -3.627686e-01, 0, 
controlindv143, 1.000000e+00, 2.836644e-01, -9.864899e-02, 0, 
controlindv144, 1.000000e+00, 1.597020e+00, -4.971801e-01, 0, 
controlindv145, 1.000000e+00, 2.810831e-01, -2.507418e-01, 0, 
controlindv146, 1.000000e+00, 6.406318e-01, -9.162961e-02, 0, 
controlindv147, 1.000000e+00, -7.943662e-01, -2.884235e-01, 0, 
controlindv148, 1.000000e+00, 3.326268e-01, -3.957477e-01, 0, 
controlindv149, 1.000000e+00, 2.208309e+00, -4.522225e-01, 0, 
controlindv150, 1.000000e+00, -9.329150e-01, -2.902998e-01, 0, 
controlindv151, 1.000000e+00, -1.162575e-01, -3.375273e-01, 0, 
controlindv152, 1.000000e+00, 3.407907e+00, -6.095863e-01, 0, 
controlindv153, 1.000000e+00, 3.094296e+00, -5.064446e-01, 0, 
controlindv154, 1.000000e+00, 1.377285e+00, -5.338005e-01, 0, 
controlindv155, 1.000000e+00, 3.732782e-01, -2.699938e-01, 0, 
controlindv156, 1.000000e+00, -1.635281e-01, -3.069967e-01, 0, 
controlindv157, 1.000000e+00, 2.750314e+00, -5.255217e-01, 0, 
controlindv158, 1.000000e+00, 1.337310e+00, -6.641343e-01, 0, 
controlindv159, 1.000000e+00, 1.339914e+00, -4.229006e-01, 0, 
controlindv160, 1.000000e+00, 2.576820e+00, -4.764388e-01, 0, 
controlindv161, 1.000000e+00, -5.096326e-01, -1.746875e-01, 0, 
controlindv162, 1.000000e+00, 1.911607e-01, -3.000248e-01, 0, 
controlindv163, 1.000000e+00, 8.738354e-01, -4.327862e-01, 0, 
controlindv164, 1.000000e+00, 1.190579e+00, -4.455173e-01, 0, 
controlindv165, 1.000000e+00, 1.821121e+00, -6.466490e-01, 0, 
controlindv166, 1.000000e+00, 2.889528e-01, -3.915222e-01, 0, 
controlindv167, 1.000000e+00, -1.299763e-01, -3.939392e-01, 0, 
controlindv168, 1.000000e+00, 2.434513e+00, -6.445432e-01, 0, 
controlindv169, 1.000000e+00, 1.290581e+00, -4.780474e-01, 0, 
controlindv170, 1.000000e+00, 3.543703e+00, -5.461203e-01, 0, 
controlindv171, 1.000000e+00, 2.808257e+00, -5.177235e-01, 0, 
controlindv172, 1.000000e+00, -1.305101e+00, -4.372357e-01, 0, 
controlindv173, 1.000000e+00, 2.135182e+00, -5.889340e-01, 0, 
controlindv174, 1.000000e+00, 1.257231e+00, -1.535122e-01, 0, 
controlindv175, 1.000000e+00, 6.303572e-01, -2.369155e-01, 0, 
controlindv176, 1.000000e+00, -6.122912e+00, 6.580883e-02, 0, 
controlindv177, 1.000000e+00, 1.876511e+00, -5.212664e-01, 0, 
controlindv178, 1.000000e+00, 1.272560e+00, -4.864910e-01, 0, 
controlindv179, 1.000000e+00, -2.560395e+00, -3.872148e-01, 0, 
controlindv180, 1.000000e+00, 3.134522e+00, -7.437819e-01, 0, 
controlindv181, 1.000000e+00, 4.538912e+00, -8.334780e-01, 0, 
controlindv182, 1.000000e+00, 1.538179e+00, -4.003206e-01, 0, 
controlindv183, 1.000000e+00, -2.844970e+00, -1.033976e-01, 0, 
controlindv184, 1.000000e+00, 1.101783e+00, -4.127009e-01, 0, 
controlindv185, 1.000000e+00, 2.564462e+00, -5.584523e-01, 0, 
controlindv186, 1.000000e+00, -2.123910e+00, -8.204997e-02, 0, 
controlindv187, 1.000000e+00, 7.332602e-01, -3.421518e-01, 0, 
controlindv188, 1.000000e+00, -2.085496e+00, -4.839705e-02, 0, 
controlindv189, 1.000000e+00, 3.045115e-01, -2.150527e-01, 0, 
controlindv190, 1.000000e+00, 1.739303e+00, -3.614197e-01, 0, 
controlindv191, 1.000000e+00, -1.294273e+00, -2.838427e-01, 0, 
controlindv192, 1.000000e+00, -1.189084e+00, -2.294645e-01, 0, 
controlindv193, 1.000000e+00, -4.093378e-01, -3.677824e-01, 0, 
controlindv194, 1.000000e+00, 1.017977e+00, -4.671737e-01, 0, 
controlindv195, 1.000000e+00, 1.988985e+00, -3.344331e-01, 0, 
controlindv196, 1.000000e+00, 1.603936e-02, -5.248157e-01, 0, 
controlindv197, 1.000000e+00, -3.027575e-01, -1.556905e-01, 0, 
controlindv198, 1.000000e+00, 2.033216e+00, -5.185223e-01, 0, 
controlindv199, 1.000000e+00, -7.613000e-01, -3.990136e-01, 0, 
caseindv0, 2.000000e+00, -4.216399e-01, -3.151222e-01, 0, 
caseindv1, 2.000000e+00, -1.483037e+00, -1.991482e-01, 0, 
caseindv2, 2.000000e+00, 3.066724e+00, -8.327957e-01, 0, 
caseindv3, 2.000000e+00, -7.910270e-01, -3.703040e-01, 0, 
caseindv4, 2.000000e+00, -1.775504e-01, -2.432284e-01, 0, 
caseindv5, 2.000000e+00, 1.154437e+00, -3.322955e-01, 0, 
caseindv6, 2.000000e+00, 8.900555e-01, -4.579045e-01, 0, 
caseindv7, 2.000000e+00, -3.708226e+00, -1.086493e-01, 0, 
caseindv8, 2.000000e+00, -2.124268e-01, -1.029512e-01, 0, 
caseindv9, 2.000000e+00, -5.059793e+00, -2.658302e-02, 0, 
caseindv10, 2.000000e+00, 2.346357e+00, -4.016883e-01, 0, 
caseindv11, 2.000000e+00, 5.618136e-01, -4.762922e-01, 0, 
caseindv12, 2.000000e+00, 1.348651e+00, -6.413556e-01, 0, 
caseindv13, 2.000000e+00, 1.260618e-01, -3.481394e-01, 0, 
caseindv14, 2.000000e+00, -4.674599e+00, -1.461059e-01, 0, 
caseindv15, 2.000000e+00, 3.588194e-01, -5.485016e-01, 0, 
caseindv16, 2.000000e+00, 6.793830e-01, -4.502996e-01, 0, 
caseindv17, 2.000000e+00, -1.374918e+00, -4.547091e-01, 0, 
caseindv18, 2.000000e+00, -7.204216e-01, -1.771769e-01, 0, 
caseindv19, 2.000000e+00, -9.266604e-02, -2.317756e-01, 0, 
caseindv20, 2.000000e+00, -1.943856e+00, -1.256124e-01, 0, 
caseindv21, 2.000000e+00, -6.670834e-01, -2.811542e-01, 0, 
caseindv22, 2.000000e+00, 2.314761e+00, -5.550873e-01, 0, 
caseindv23, 2.000000e+00, 5.138284e-01, -1.578189e-01, 0, 
caseindv24, 2.000000e+00, -4.493826e-01, -2.999552e-01, 0, 
caseindv25, 2.000000e+00, 1.670099e-01, -5.499727e-01, 0, 
caseindv26, 2.000000e+00, -3.685700e+00, -2.441142e-02, 0, 
caseindv27, 2.000000e+00, 1.771280e+00, -5.751540e-01, 0, 
caseindv28, 2.000000e+00, -1.242735e+00, -4.723057e-01, 0, 
caseindv29, 2.000000e+00, 1.014454e+00, -3.517175e-01, 0, 
caseindv30, 2.000000e+00, 3.590208e+00, -6.668715e-01, 0, 
caseindv31, 2.000000e+00, -2.487072e+00, -7.776422e-02, 0, 
caseindv32, 2.000000e+00, -3.401931e+00, -4.457121e-02, 0, 
caseindv33, 2.000000e+00, 1.688325e+00, -3.074074e-01, 0, 
caseindv34, 2.000000e+00, -3.014660e-01, -2.216168e-01, 0, 
caseindv35, 2.000000e+00, -3.682477e+00, -3.556469e-02, 0, 
caseindv36, 2.000000e+00, -1.983759e+00, -1.681813e-01, 0, 
caseindv37, 2.000000e+00, -2.037100e-01, -3.370870e-01, 0, 
caseindv38, 2.000000e+00, 1.094570e+00, -2.878553e-01, 0, 
caseindv39, 2.000000e+00, -7.754157e-02, -4.326978e-01, 0, 
caseindv40, 2.000000e+00, 1.034170e+00, -5.165898e-01, 0, 
caseindv41, 2.000000e+00, 1.949473e-01, -3.332449e-01, 0, 
caseindv42, 2.000000e+00, -3.002218e+00, 6.413729e-04, 0, 
caseindv43, 2.000000e+00, 1.228317e+00, -5.267181e-01, 0, 
caseindv44, 2.000000e+00, -1.779023e+00, -3.138362e-01, 0, 
caseindv45, 2.000000e+00, -1.236957e+00, -4.369120e-01, 0, 
caseindv46, 2.000000e+00, 2.917195e+00, -5.295646e-01, 0, 
caseindv47, 2.000000e+00, 1.267634e+00, -5.885633e-01, 0, 
caseindv48, 2.000000e+00, 4.759159e-01, -5.723534e-01, 0, 
caseindv49, 2.000000e+00, 2.461858e+00, -4.596607e-01, 0, 
caseindv50, 2.000000e+00, -1.639976e+00, -2.443851e-01, 0, 
caseindv51, 2.000000e+00, 3.697229e+00, -8.201903e-01, 0, 
caseindv52, 2.000000e+00, 1.510966e+00, -5.654107e-01, 0, 
caseindv53, 2.000000e+00, 8.892710e-03, -3.153387e-01, 0, 
caseindv54, 2.000000e+00, 2.721681e+00, -5.353206e-01, 0, 
caseindv55, 2.000000e+00, 5.210323e-02, -2.580322e-01, 0, 
caseindv56, 2.000000e+00, 2.078894e+00, -4.413393e-01, 0, 
caseindv57, 2.000000e+00, -2.681401e+00, -6.694281e-02, 0, 
caseindv58, 2.000000e+00, 2.915263e+00, -6.220682e-01, 0, 
caseindv59, 2.000000e+00, 2.628209e+00, -5.777164e-01, 0, 
caseindv60, 2.000000e+00, 2.115816e+00, -5.201955e-01, 0, 
caseindv61, 2.000000e+00, 4.552601e-01, -5.083888e-01, 0, 
caseindv62, 2.000000e+00, -1.637040e+00, -2.741615e-01, 0, 
caseindv63, 2.000000e+00, -1.525644e+00, -6.957853e-02, 0, 
caseindv64, 2.000000e+00, -2.493777e-01, -2.711199e-01, 0, 
caseindv65, 2.000000e+00, 3.521636e+00, -5.218947e-01, 0, 
caseindv66, 2.000000e+00, 1.708160e+00, -3.674252e-01, 0, 
caseindv67, 2.000000e+00, -1.277317e+00, -3.663884e-01, 0, 
caseindv68, 2.000000e+00, 2.793879e-01, -1.997141e-01, 0, 
caseindv69, 2.000000e+00, -5.269972e-01, -9.145680e-02, 0, 
caseindv70, 2.000000e+00, -2.737762e+00, -5.935479e-02, 0, 
caseindv71, 2.000000e+00, -3.575423e+00, 2.774972e-02, 0, 
caseindv72, 2.000000e+00, 2.055846e+00, -4.776563e-01, 0, 
caseindv73, 2.000000e+00, 9.948268e-02, -3.722385e-01, 0, 
caseindv74, 2.000000e+00, -2.083377e+00, -1.632077e-01, 0, 
caseindv75, 2.000000e+00, -4.851310e-01, -3.178623e-01, 0, 
caseindv76, 2.000000e+00, -1.836450e+00, -1.010566e-01, 0, 
caseindv77, 2.000000e+00, 3.071144e+00, -6.268357e-01, 0, 
caseindv78, 2.000000e+00, 4.692182e+00, -5.627972e-01, 0, 
caseindv79, 2.000000e+00, 1.140012e+00, -4.690262e-01, 0, 
caseindv80, 2.000000e+00, -4.653850e+00, 7.737493e-02, 0, 
caseindv81, 2.000000e+00, 3.180728e+00, -6.812738e-01, 0, 
caseindv82, 2.000000e+00, 2.155459e+00, -3.536047e-01, 0, 
caseindv83, 2.000000e+00, 3.154373e-01, -1.321765e-01, 0, 
caseindv84, 2.000000e+00, -4.774064e-02, -2.784172e-01, 0, 
caseindv85, 2.000000e+00, -4.768386e+00, 2.796602e-02, 0, 
caseindv86, 2.000000e+00, -2.214042e+00, 7.503900e-02, 0, 
caseindv87, 2.000000e+00, 2.545131e+00, -9.197718e-01, 0, 
caseindv88, 2.000000e+00, 2.236110e+00, -4.937140e-01, 0, 
caseindv89, 2.000000e+00, -3.058635e+00, 3.654819e-03, 0, 
caseindv90, 2.000000e+00, -3.898937e-01, -2.321431e-01, 0, 
caseindv91, 2.000000e+00, 1.147001e-01, -2.708479e-01, 0, 
caseindv92, 2.000000e+00, -2.852977e+00, -1.556087e-03, 0, 
caseindv93, 2.000000e+00, 1.694562e-01, -2.201934e-01, 0, 
caseindv94, 2.000000e+00, 3.247586e-01, -3.178288e-01, 0, 
caseindv95, 2.000000e+00, -9.771887e-01, -3.952869e-01, 0, 
caseindv96, 2.000000e+00, -7.456115e-02, -5.149873e-01, 0, 
caseindv97, 2.000000e+00, 2.467460e+00, -1.918689e-01, 0, 
caseindv98, 2.000000e+00, 3.894428e+00, -8.629577e-01, 0, 
caseindv99, 2.000000e+00, 2.825901e+00, -7.002352e-01, 0, 
caseindv100, 2.000000e+00, 9.563603e-01, -4.640275e-01, 0, 
caseindv101, 2.000000e+00, -2.570089e-01, -3.769820e-01, 0, 
caseindv102, 2.000000e+00, -5.039199e-01, -8.054567e-02, 0, 
caseindv103, 2.000000e+00, -6.483884e-01, -2.569486e-01, 0, 
caseindv104, 2.000000e+00, 1.153187e+00, -4.849515e-01, 0, 
caseindv105, 2.000000e+00, 2.970025e+00, -8.361584e-01, 0, 
caseindv106, 2.000000e+00, -7.944207e-01, -4.917725e-01, 0, 
caseindv107, 2.000000e+00, -1.854181e+00, -1.088915e-01, 0, 
caseindv108, 2.000000e+00, -2.306401e+00, -2.124471e-01, 0, 
caseindv109, 2.000000e+00, 1.786471e-01, -1.686807e-01, 0, 
caseindv110, 2.000000e+00, -3.263235e+00, 4.617768e-02, 0, 
caseindv111, 2.000000e+00, 1.378751e+00, -3.426093e-01, 0, 
caseindv112, 2.000000e+00, 3.854050e+00, -6.974335e-01, 0, 
caseindv113, 2.000000e+00, -1.756661e+00, -6.930418e-02, 0, 
caseindv114, 2.000000e+00, 3.199865e+00, -5.521161e-01, 0, 
caseindv115, 2.000000e+00, 1.932426e+00, -3.393453e-01, 0, 
caseindv116, 2.000000e+00, -2.851449e-01, -1.458942e-01, 0, 
caseindv117, 2.000000e+00, 3.678078e+00, -7.486063e-01, 0, 
caseindv118, 2.000000e+00, -1.789544e-01, -4.554795e-01, 0, 
caseindv119, 2.000000e+00, -1.968917e+00, -1.239623e-01, 0, 
caseindv120, 2.000000e+00, -1.112401e+00, -1.312363e-01, 0, 
caseindv121, 2.000000e+00, 1.382839e+00, -4.574194e-01, 0, 
caseindv122, 2.000000e+00, 7.089589e-01, -4.162688e-01, 0, 
caseindv123, 2.000000e+00, 9.488367e-01, -4.111443e-01, 0, 
caseindv124, 2.000000e+00, 1.014846e+00, -6.374611e-01, 0, 
caseindv125, 2.000000e+00, 1.350910e+00, -4.429146e-01, 0, 
caseindv126, 2.000000e+00, 1.605628e+00, -1.988675e-01, 0, 
caseindv127, 2.000000e+00, -3.221508e+00, -2.414336e-01, 0, 
caseindv128, 2.000000e+00, 1.720848e+00, -3.934801e-01, 0, 
caseindv129, 2.000000e+00, 1.659995e+00, -4.733944e-01, 0, 
caseindv130, 2.000000e+00, 5.533147e-02, -2.994392e-01, 0, 
caseindv131, 2.000000e+00, 4.639222e-01, -4.059894e-01, 0, 
caseindv132, 2.000000e+00, -1.683527e+00, -2.193520e-01, 0, 
caseindv133, 2.000000e+00, 3.326174e+00, -5.511795e-01, 0, 
caseindv134, 2.000000e+00, -1.802629e+00, -1.722994e-01, 0, 
caseindv135, 2.000000e+00, 4.827082e-01, -1.052196e-01, 0, 
caseindv136, 2.000000e+00, 6.351604e-01, -2.940871e-01, 0, 
caseindv137, 2.000000e+00, 1.545438e+00, -5.358091e-01, 0, 
caseindv138, 2.000000e+00, -8.307347e-01, -4.744372e-01, 0, 
caseindv139, 2.000000e+00, -3.334915e-02, -2.968053e-01, 0, 
caseindv140, 2.000000e+00, -8.030608e-01, -2.290505e-01, 0, 
caseindv141, 2.000000e+00, -1.736991e-01, -3.782876e-01, 0, 
caseindv142, 2.000000e+00, -1.580660e-01, -3.627686e-01, 0, 
caseindv143, 2.000000e+00, 2.836644e-01, -9.864899e-02, 0, 
caseindv144, 2.000000e+00, 1.597020e+00, -4.971801e-01, 0, 
caseindv145, 2.000000e+00, 2.810831e-01, -2.507418e-01, 0, 
caseindv146, 2.000000e+00, 6.406318e-01, -9.162961e-02, 0, 
caseindv147, 2.000000e+00, -7.943662e-01, -2.884235e-01, 0, 
caseindv148, 2.000000e+00, 3.326268e-01, -3.957477e-01, 0, 
caseindv149, 2.000000e+00, 2.208309e+00, -4.522225e-01, 0, 
caseindv150, 2.000000e+00, -9.329150e-01, -2.902998e-01, 0, 
caseindv151, 2.000000e+00, -1.162575e-01, -3.375273e-01, 0, 
caseindv152, 2.000000e+00, 3.407907e+00, -6.095863e-01, 0, 
caseindv153, 2.000000e+00, 3.094296e+00, -5.064446e-01, 0, 
caseindv154, 2.000000e+00, 1.377285e+00, -5.338005e-01, 0, 
caseindv155, 2.000000e+00, 3.732782e-01, -2.699938e-01, 0, 
caseindv156, 2.000000e+00, -1.635281e-01, -3.069967e-01, 0, 
caseindv157, 2.000000e+00, 2.750314e+00, -5.255217e-01, 0, 
caseindv158, 2.000000e+00, 1.337310e+00, -6.641343e-01, 0, 
caseindv159, 2.000000e+00, 1.339914e+00, -4.229006e-01, 0, 
caseindv160, 2.000000e+00, 2.576820e+00, -4.764388e-01, 0, 
caseindv161, 2.000000e+00, -5.096326e-01, -1.746875e-01, 0, 
caseindv162, 2.000000e+00, 1.911607e-01, -3.000248e-01, 0, 
caseindv163, 2.000000e+00, 8.738354e-01, -4.327862e-01, 0, 
caseindv164, 2.000000e+00, 1.190579e+00, -4.455173e-01, 0, 
caseindv165, 2.000000e+00, 1.821121e+00, -6.466490e-01, 0, 
caseindv166, 2.000000e+00, 2.889528e-01, -3.915222e-01, 0, 
caseindv167, 2.000000e+00, -1.299763e-01, -3.939392e-01, 0, 
caseindv168, 2.000000e+00, 2.434513e+00, -6.445432e-01, 0, 
caseindv169, 2.000000e+00, 1.290581e+00, -4.780474e-01, 0, 
caseindv170, 2.000000e+00, 3.543703e+00, -5.461203e-01, 0, 
caseindv171, 2.000000e+00, 2.808257e+00, -5.177235e-01, 0, 
caseindv172, 2.000000e+00, -1.305101e+00, -4.372357e-01, 0, 
caseindv173, 2.000000e+00, 2.135182e+00, -5.889340e-01, 0, 
caseindv174, 2.000000e+00, 1.257231e+00, -1.535122e-01, 0, 
caseindv175, 2.000000e+00, 6.303572e-01, -2.369155e-01, 0, 
caseindv176, 2.000000e+00, -6.122912e+00, 6.580883e-02, 0, 
caseindv177, 2.000000e+00, 1.876511e+00, -5.212664e-01, 0, 
caseindv178, 2.000000e+00, 1.272560e+00, -4.864910e-01, 0, 
caseindv179, 2.000000e+00, -2.560395e+00, -3.872148e-01, 0, 
caseindv180, 2.000000e+00, 3.134522e+00, -7.437819e-01, 0, 
caseindv181, 2.000000e+00, 4.538912e+00, -8.334780e-01, 0, 
caseindv182, 2.000000e+00, 1.538179e+00, -4.003206e-01, 0, 
caseindv183, 2.000000e+00, -2.844970e+00, -1.033976e-01, 0, 
caseindv184, 2.000000e+00, 1.101783e+00, -4.127009e-01, 0, 
caseindv185, 2.000000e+00, 2.564462e+00, -5.584523e-01, 0, 
caseindv186, 2.000000e+00, -2.123910e+00, -8.204997e-02, 0, 
caseindv187, 2.000000e+00, 7.332602e-01, -3.421518e-01, 0, 
caseindv188, 2.000000e+00, -2.085496e+00, -4.839705e-02, 0, 
caseindv189, 2.000000e+00, 3.045115e-01, -2.150527e-01, 0, 
caseindv190, 2.000000e+00, 1.739303e+00, -3.614197e-01, 0, 
caseindv191, 2.000000e+00, -1.294273e+00, -2.838427e-01, 0, 
caseindv192, 2.000000e+00, -1.189084e+00, -2.294645e-01, 0, 
caseindv193, 2.000000e+00, -4.093378e-01, -3.677824e-01, 0, 
caseindv194, 2.000000e+00, 1.017977e+00, -4.671737e-01, 0, 
caseindv195, 2.000000e+00, 1.988985e+00, -3.344331e-01, 0, 
caseindv196, 2.000000e+00, 1.603936e-02, -5.248157e-01, 0, 
caseindv197, 2.000000e+00, -3.027575e-01, -1.556905e-01, 0, 
caseindv198, 2.000000e+00, 2.033216e+00, -5.185223e-01, 0, 
caseindv199, 2.000000e+00, -7.613000e-01, -3.990136e-01, 0, 
