IID RAW_PRS PRS PHENO
controlindv0 0.4818551 -0.6900531 1
controlindv1 -8.023297 -0.2187641 1
controlindv2 -8.176937 -0.3926134 1
controlindv3 -5.637796 -0.3126453 1
controlindv4 -4.8274954 -0.0551466 1
controlindv5 -0.820040000000001 -0.6879201 1
controlindv6 -5.0745175 -0.11436256 1
controlindv7 -8.531377 -0.0309507 1
controlindv8 -4.2408638 -0.05061237 1
controlindv9 -12.357252 0.16519842 1
controlindv10 2.353723 -0.6760756 1
controlindv11 -2.8816734 -0.5717483 1
controlindv12 0.550121000000001 -0.6713794 1
controlindv13 -5.3236942 -0.3937089 1
controlindv14 -12.8970331 0.46310955 1
controlindv15 -0.8370086 -0.78363859 1
controlindv16 -0.312448000000001 -0.5086927 1
controlindv17 -6.051764 -0.2068005 1
controlindv18 -12.015932 0.1260821 1
controlindv19 0.67628996 -0.6364229 1
controlindv20 -7.384585 0.0580677 1
controlindv21 -5.0598614 -0.4104609 1
controlindv22 -2.727799 -0.5987523 1
controlindv23 -7.8806889 -0.28128458 1
controlindv24 -5.3538006 -0.3392711 1
controlindv25 1.6090009 -0.8841991 1
controlindv26 -1.584953 -0.42912593 1
controlindv27 -2.093926 -0.6929837 1
controlindv28 -5.3420816 -0.4798802 1
controlindv29 -3.538592 -0.461487 1
controlindv30 1.864958 -0.9595859 1
controlindv31 -5.115101 -0.1267995 1
controlindv32 -2.997247 -0.37036234 1
controlindv33 -1.35275 -0.5800666 1
controlindv34 -0.6488 -0.5749253 1
controlindv35 -3.331161 -0.44458248 1
controlindv36 -2.808779 -0.3268738 1
controlindv37 -3.210239 -0.08976879 1
controlindv38 2.57818 -0.645922 1
controlindv39 2.43222743 -1.0717152 1
controlindv40 -0.208641 -0.793834 1
controlindv41 0.3405703 -0.4087215 1
controlindv42 -8.691364 -0.04789378 1
controlindv43 -3.732135 -0.4657543 1
controlindv44 -0.0796030000000005 -0.5860171 1
controlindv45 -2.936553 -0.7052396 1
controlindv46 1.557572 -0.70092443 1
controlindv47 -3.616255 -0.4942569 1
controlindv48 -2.5994451 -0.6602924 1
controlindv49 -0.870420000000001 -0.369634 1
controlindv50 -6.081939 -0.4208069 1
controlindv51 -0.571241000000001 -0.8869524 1
controlindv52 3.211909 -1.18632722 1
controlindv53 2.69685671 -0.8922467 1
controlindv54 0.816567 -0.5937159 1
controlindv55 -6.53194077 -0.03751496 1
controlindv56 0.750671 -0.43190461 1
controlindv57 -0.560386 -0.25843152 1
controlindv58 2.21485 -0.6097537 1
controlindv59 1.678417 -1.0684396 1
controlindv60 -7.660395 -0.2269757 1
controlindv61 -5.5521679 -0.7737906 1
controlindv62 -5.948741 -0.57348956 1
controlindv63 -1.757022 -0.1480127 1
controlindv64 -9.6691757 -0.1682893 1
controlindv65 3.628246 -0.674662 1
controlindv66 4.966707 -0.6089636 1
controlindv67 0.00640000000000018 -0.8235479 1
controlindv68 0.366766899999999 -0.2033896 1
controlindv69 -1.3557392 0.01702364 1
controlindv70 -1.397787 -0.71043662 1
controlindv71 -3.273673 -0.23846783 1
controlindv72 2.141095 -0.86493339 1
controlindv73 -5.95592532 -0.33672 1
controlindv74 0.44365 -0.4651308 1
controlindv75 -5.437134 -0.1031443 1
controlindv76 -5.977385 -0.1248363 1
controlindv77 0.266094 -0.66602046 1
controlindv78 2.559829 -0.82925819 1
controlindv79 1.001324 -0.7965971 1
controlindv80 -1.038117 -0.61071691 1
controlindv81 3.273982 -0.94045375 1
controlindv82 4.677036 -0.6513895 1
controlindv83 -10.180553 0.20017726 1
controlindv84 -1.06983964 -0.63034221 1
controlindv85 -4.562372 -0.23079432 1
controlindv86 -2.262156 -0.41721772 1
controlindv87 -3.971587 -0.7506852 1
controlindv88 5.910607 -0.7589227 1
controlindv89 -3.299311 0.06885586 1
controlindv90 -8.9502893 -0.1567302 1
controlindv91 0.4790771 -0.4827162 1
controlindv92 -9.482189 -0.00993635999999998 1
controlindv93 -2.3818188 -0.261194 1
controlindv94 0.8523646 -0.8049982 1
controlindv95 -3.6766957 -0.5326451 1
controlindv96 -5.70562115 -0.5482778 1
controlindv97 -2.896863 -0.0771072 1
controlindv98 1.845435 -0.9102116 1
controlindv99 -1.471089 -0.614689 1
controlindv100 3.3950973 -0.73991263 1
controlindv101 -5.3976169 -0.0420923999999999 1
controlindv102 0.878074100000001 -0.24202355 1
controlindv103 -6.7280354 -0.1457605 1
controlindv104 -6.340697 -0.5543813 1
controlindv105 6.501106 -1.2563781 1
controlindv106 3.3558143 -1.0826007 1
controlindv107 -6.503681 -0.4295659 1
controlindv108 -3.027623 -0.44713604 1
controlindv109 -3.4432329 -0.2663838 1
controlindv110 -5.080261 -0.14337583 1
controlindv111 2.391288 -1.02365382 1
controlindv112 2.136008 -0.7964356 1
controlindv113 6.014309 -1.15945591 1
controlindv114 -2.711908 -0.5061507 1
controlindv115 3.485873 -0.2521973 1
controlindv116 -5.2425869 -0.2152256 1
controlindv117 4.039285 -0.8310425 1
controlindv118 0.0396115999999989 -0.7513313 1
controlindv119 0.93407 -0.82314001 1
controlindv120 -2.221526 -0.3940002 1
controlindv121 2.631877 -0.8640724 1
controlindv122 1.1775779 -0.82040136 1
controlindv123 -0.4824443 -0.6082222 1
controlindv124 -3.278832 -0.5314805 1
controlindv125 0.476724 -0.5339986 1
controlindv126 -1.331166 -0.4989645 1
controlindv127 -5.909767 -0.5747362 1
controlindv128 2.406417 -0.5144712 1
controlindv129 2.740721 -1.03303738 1
controlindv130 -3.19093653 -0.1681085 1
controlindv131 1.3489822 -0.94841527 1
controlindv132 -1.199388 -0.3802349 1
controlindv133 -0.505983000000001 -0.7560153 1
controlindv134 -2.546537 -0.4198428 1
controlindv135 0.9849642 -0.4534633 1
controlindv136 0.2803774 -0.6867935 1
controlindv137 -0.126595 -0.5800456 1
controlindv138 -0.1177267 -1.1457223 1
controlindv139 2.48714685 -0.3286157 1
controlindv140 -8.3499088 -0.1063933 1
controlindv141 -3.5762431 -0.4532482 1
controlindv142 -2.443041 -0.0220705 1
controlindv143 1.9307194 -0.33891469 1
controlindv144 -7.3283976 -0.2416198 1
controlindv145 -4.5251769 -0.158259 1
controlindv146 1.1666268 -0.53459843 1
controlindv147 -3.0902562 -0.61501816 1
controlindv148 1.5512898 -0.5897091 1
controlindv149 0.0319349999999989 -0.534819 1
controlindv150 -3.795996 -0.1672309 1
controlindv151 -4.7033214 -0.1639045 1
controlindv152 5.956885 -0.9540117 1
controlindv153 4.368128 -1.20734367 1
controlindv154 -6.436527 -0.20379997 1
controlindv155 -3.0564168 -0.1466624 1
controlindv156 -4.2623501 -0.51052854 1
controlindv157 0.459227 -0.87444716 1
controlindv158 4.258003 -1.19968493 1
controlindv159 -1.987327 -0.4024643 1
controlindv160 2.84594 -0.73778294 1
controlindv161 -4.2121696 0.0367289 1
controlindv162 0.099886699999999 -0.7904903 1
controlindv163 3.3207874 -1.21593697 1
controlindv164 -0.710327 -0.5959662 1
controlindv165 0.9149998 -0.90890246 1
controlindv166 -5.0096172 -0.4717305 1
controlindv167 3.3653717 -0.919420108 1
controlindv168 0.635678 -0.7742659 1
controlindv169 0.791945000000001 -0.8830383 1
controlindv170 4.064206 -0.780158 1
controlindv171 -4.158206 -0.5858619 1
controlindv172 -3.54752 -0.6620688 1
controlindv173 -0.466068999999999 -0.6262766 1
controlindv174 2.826806 -0.7841465 1
controlindv175 2.4655832 -0.6163399 1
controlindv176 -9.510275 0.193588315 1
controlindv177 1.244603 -0.737785 1
controlindv178 4.493118 -0.9615061 1
controlindv179 -3.077358 -0.5990482 1
controlindv180 -1.997687 -0.52567767 1
controlindv181 0.220389 -0.7996055 1
controlindv182 -3.179149 -0.4649241 1
controlindv183 -6.941632 -0.27519363 1
controlindv184 -3.637233 -0.3161683 1
controlindv185 5.640418 -1.09886602 1
controlindv186 1.36535 -0.36987375 1
controlindv187 -3.3300108 -0.3587873 1
controlindv188 -7.50428 0.20824229 1
controlindv189 -2.3901155 -0.7826121 1
controlindv190 1.606297 -0.8207962 1
controlindv191 -2.69905 -0.67718873 1
controlindv192 1.378876 -0.7500209 1
controlindv193 -0.407642800000001 -0.7975344 1
controlindv194 0.468847 -0.9052422 1
controlindv195 2.705737 -0.3694198 1
controlindv196 -6.71445964 -0.4920854 1
controlindv197 0.0851894999999994 -0.3269044 1
controlindv198 -1.745777 -0.5829718 1
controlindv199 1.305739 -0.7641738 1
caseindv0 0.4818551 -0.6900531 2
caseindv1 -8.023297 -0.2187641 2
caseindv2 -8.176937 -0.3926134 2
caseindv3 -5.637796 -0.3126453 2
caseindv4 -4.8274954 -0.0551466 2
caseindv5 -0.820040000000001 -0.6879201 2
caseindv6 -5.0745175 -0.11436256 2
caseindv7 -8.531377 -0.0309507 2
caseindv8 -4.2408638 -0.05061237 2
caseindv9 -12.357252 0.16519842 2
caseindv10 2.353723 -0.6760756 2
caseindv11 -2.8816734 -0.5717483 2
caseindv12 0.550121000000001 -0.6713794 2
caseindv13 -5.3236942 -0.3937089 2
caseindv14 -12.8970331 0.46310955 2
caseindv15 -0.8370086 -0.78363859 2
caseindv16 -0.312448000000001 -0.5086927 2
caseindv17 -6.051764 -0.2068005 2
caseindv18 -12.015932 0.1260821 2
caseindv19 0.67628996 -0.6364229 2
caseindv20 -7.384585 0.0580677 2
caseindv21 -5.0598614 -0.4104609 2
caseindv22 -2.727799 -0.5987523 2
caseindv23 -7.8806889 -0.28128458 2
caseindv24 -5.3538006 -0.3392711 2
caseindv25 1.6090009 -0.8841991 2
caseindv26 -1.584953 -0.42912593 2
caseindv27 -2.093926 -0.6929837 2
caseindv28 -5.3420816 -0.4798802 2
caseindv29 -3.538592 -0.461487 2
caseindv30 1.864958 -0.9595859 2
caseindv31 -5.115101 -0.1267995 2
caseindv32 -2.997247 -0.37036234 2
caseindv33 -1.35275 -0.5800666 2
caseindv34 -0.6488 -0.5749253 2
caseindv35 -3.331161 -0.44458248 2
caseindv36 -2.808779 -0.3268738 2
caseindv37 -3.210239 -0.08976879 2
caseindv38 2.57818 -0.645922 2
caseindv39 2.43222743 -1.0717152 2
caseindv40 -0.208641 -0.793834 2
caseindv41 0.3405703 -0.4087215 2
caseindv42 -8.691364 -0.04789378 2
caseindv43 -3.732135 -0.4657543 2
caseindv44 -0.0796030000000005 -0.5860171 2
caseindv45 -2.936553 -0.7052396 2
caseindv46 1.557572 -0.70092443 2
caseindv47 -3.616255 -0.4942569 2
caseindv48 -2.5994451 -0.6602924 2
caseindv49 -0.870420000000001 -0.369634 2
caseindv50 -6.081939 -0.4208069 2
caseindv51 -0.571241000000001 -0.8869524 2
caseindv52 3.211909 -1.18632722 2
caseindv53 2.69685671 -0.8922467 2
caseindv54 0.816567 -0.5937159 2
caseindv55 -6.53194077 -0.03751496 2
caseindv56 0.750671 -0.43190461 2
caseindv57 -0.560386 -0.25843152 2
caseindv58 2.21485 -0.6097537 2
caseindv59 1.678417 -1.0684396 2
caseindv60 -7.660395 -0.2269757 2
caseindv61 -5.5521679 -0.7737906 2
caseindv62 -5.948741 -0.57348956 2
caseindv63 -1.757022 -0.1480127 2
caseindv64 -9.6691757 -0.1682893 2
caseindv65 3.628246 -0.674662 2
caseindv66 4.966707 -0.6089636 2
caseindv67 0.00640000000000018 -0.8235479 2
caseindv68 0.366766899999999 -0.2033896 2
caseindv69 -1.3557392 0.01702364 2
caseindv70 -1.397787 -0.71043662 2
caseindv71 -3.273673 -0.23846783 2
caseindv72 2.141095 -0.86493339 2
caseindv73 -5.95592532 -0.33672 2
caseindv74 0.44365 -0.4651308 2
caseindv75 -5.437134 -0.1031443 2
caseindv76 -5.977385 -0.1248363 2
caseindv77 0.266094 -0.66602046 2
caseindv78 2.559829 -0.82925819 2
caseindv79 1.001324 -0.7965971 2
caseindv80 -1.038117 -0.61071691 2
caseindv81 3.273982 -0.94045375 2
caseindv82 4.677036 -0.6513895 2
caseindv83 -10.180553 0.20017726 2
caseindv84 -1.06983964 -0.63034221 2
caseindv85 -4.562372 -0.23079432 2
caseindv86 -2.262156 -0.41721772 2
caseindv87 -3.971587 -0.7506852 2
caseindv88 5.910607 -0.7589227 2
caseindv89 -3.299311 0.06885586 2
caseindv90 -8.9502893 -0.1567302 2
caseindv91 0.4790771 -0.4827162 2
caseindv92 -9.482189 -0.00993635999999998 2
caseindv93 -2.3818188 -0.261194 2
caseindv94 0.8523646 -0.8049982 2
caseindv95 -3.6766957 -0.5326451 2
caseindv96 -5.70562115 -0.5482778 2
caseindv97 -2.896863 -0.0771072 2
caseindv98 1.845435 -0.9102116 2
caseindv99 -1.471089 -0.614689 2
caseindv100 3.3950973 -0.73991263 2
caseindv101 -5.3976169 -0.0420923999999999 2
caseindv102 0.878074100000001 -0.24202355 2
caseindv103 -6.7280354 -0.1457605 2
caseindv104 -6.340697 -0.5543813 2
caseindv105 6.501106 -1.2563781 2
caseindv106 3.3558143 -1.0826007 2
caseindv107 -6.503681 -0.4295659 2
caseindv108 -3.027623 -0.44713604 2
caseindv109 -3.4432329 -0.2663838 2
caseindv110 -5.080261 -0.14337583 2
caseindv111 2.391288 -1.02365382 2
caseindv112 2.136008 -0.7964356 2
caseindv113 6.014309 -1.15945591 2
caseindv114 -2.711908 -0.5061507 2
caseindv115 3.485873 -0.2521973 2
caseindv116 -5.2425869 -0.2152256 2
caseindv117 4.039285 -0.8310425 2
caseindv118 0.0396115999999989 -0.7513313 2
caseindv119 0.93407 -0.82314001 2
caseindv120 -2.221526 -0.3940002 2
caseindv121 2.631877 -0.8640724 2
caseindv122 1.1775779 -0.82040136 2
caseindv123 -0.4824443 -0.6082222 2
caseindv124 -3.278832 -0.5314805 2
caseindv125 0.476724 -0.5339986 2
caseindv126 -1.331166 -0.4989645 2
caseindv127 -5.909767 -0.5747362 2
caseindv128 2.406417 -0.5144712 2
caseindv129 2.740721 -1.03303738 2
caseindv130 -3.19093653 -0.1681085 2
caseindv131 1.3489822 -0.94841527 2
caseindv132 -1.199388 -0.3802349 2
caseindv133 -0.505983000000001 -0.7560153 2
caseindv134 -2.546537 -0.4198428 2
caseindv135 0.9849642 -0.4534633 2
caseindv136 0.2803774 -0.6867935 2
caseindv137 -0.126595 -0.5800456 2
caseindv138 -0.1177267 -1.1457223 2
caseindv139 2.48714685 -0.3286157 2
caseindv140 -8.3499088 -0.1063933 2
caseindv141 -3.5762431 -0.4532482 2
caseindv142 -2.443041 -0.0220705 2
caseindv143 1.9307194 -0.33891469 2
caseindv144 -7.3283976 -0.2416198 2
caseindv145 -4.5251769 -0.158259 2
caseindv146 1.1666268 -0.53459843 2
caseindv147 -3.0902562 -0.61501816 2
caseindv148 1.5512898 -0.5897091 2
caseindv149 0.0319349999999989 -0.534819 2
caseindv150 -3.795996 -0.1672309 2
caseindv151 -4.7033214 -0.1639045 2
caseindv152 5.956885 -0.9540117 2
caseindv153 4.368128 -1.20734367 2
caseindv154 -6.436527 -0.20379997 2
caseindv155 -3.0564168 -0.1466624 2
caseindv156 -4.2623501 -0.51052854 2
caseindv157 0.459227 -0.87444716 2
caseindv158 4.258003 -1.19968493 2
caseindv159 -1.987327 -0.4024643 2
caseindv160 2.84594 -0.73778294 2
caseindv161 -4.2121696 0.0367289 2
caseindv162 0.099886699999999 -0.7904903 2
caseindv163 3.3207874 -1.21593697 2
caseindv164 -0.710327 -0.5959662 2
caseindv165 0.9149998 -0.90890246 2
caseindv166 -5.0096172 -0.4717305 2
caseindv167 3.3653717 -0.919420108 2
caseindv168 0.635678 -0.7742659 2
caseindv169 0.791945000000001 -0.8830383 2
caseindv170 4.064206 -0.780158 2
caseindv171 -4.158206 -0.5858619 2
caseindv172 -3.54752 -0.6620688 2
caseindv173 -0.466068999999999 -0.6262766 2
caseindv174 2.826806 -0.7841465 2
caseindv175 2.4655832 -0.6163399 2
caseindv176 -9.510275 0.193588315 2
caseindv177 1.244603 -0.737785 2
caseindv178 4.493118 -0.9615061 2
caseindv179 -3.077358 -0.5990482 2
caseindv180 -1.997687 -0.52567767 2
caseindv181 0.220389 -0.7996055 2
caseindv182 -3.179149 -0.4649241 2
caseindv183 -6.941632 -0.27519363 2
caseindv184 -3.637233 -0.3161683 2
caseindv185 5.640418 -1.09886602 2
caseindv186 1.36535 -0.36987375 2
caseindv187 -3.3300108 -0.3587873 2
caseindv188 -7.50428 0.20824229 2
caseindv189 -2.3901155 -0.7826121 2
caseindv190 1.606297 -0.8207962 2
caseindv191 -2.69905 -0.67718873 2
caseindv192 1.378876 -0.7500209 2
caseindv193 -0.407642800000001 -0.7975344 2
caseindv194 0.468847 -0.9052422 2
caseindv195 2.705737 -0.3694198 2
caseindv196 -6.71445964 -0.4920854 2
caseindv197 0.0851894999999994 -0.3269044 2
caseindv198 -1.745777 -0.5829718 2
caseindv199 1.305739 -0.7641738 2
