IID, true_phens, raw_effects_prs, pval_derived_effects_prs, sex
controlindv0, 1.000000e+00, -3.112161e+00, 1.239414e-01, 0, 
controlindv1, 1.000000e+00, -1.037034e+01, 5.793542e-01, 0, 
controlindv2, 1.000000e+00, -1.318654e+01, 6.201717e-01, 0, 
controlindv3, 1.000000e+00, -8.353264e+00, 4.244719e-01, 0, 
controlindv4, 1.000000e+00, -9.468612e+00, 5.263002e-01, 0, 
controlindv5, 1.000000e+00, -7.778056e+00, 1.695082e-01, 0, 
controlindv6, 1.000000e+00, -8.281423e+00, 3.610368e-01, 0, 
controlindv7, 1.000000e+00, -7.923214e+00, 4.505746e-01, 0, 
controlindv8, 1.000000e+00, -7.760395e+00, 3.170427e-01, 0, 
controlindv9, 1.000000e+00, -8.931854e+00, 4.135657e-01, 0, 
controlindv10, 1.000000e+00, -5.173802e+00, 1.143210e-01, 0, 
controlindv11, 1.000000e+00, -9.309313e+00, 4.793397e-01, 0, 
controlindv12, 1.000000e+00, -8.292420e+00, 2.335900e-01, 0, 
controlindv13, 1.000000e+00, -7.348718e+00, 2.790947e-01, 0, 
controlindv14, 1.000000e+00, -7.367153e+00, 5.749497e-01, 0, 
controlindv15, 1.000000e+00, -5.120101e+00, 8.975621e-02, 0, 
controlindv16, 1.000000e+00, -7.643662e+00, 4.601261e-01, 0, 
controlindv17, 1.000000e+00, -1.055742e+01, 5.925747e-01, 0, 
controlindv18, 1.000000e+00, -1.060930e+01, 3.668399e-01, 0, 
controlindv19, 1.000000e+00, -5.525760e+00, 1.502884e-01, 0, 
controlindv20, 1.000000e+00, -6.682337e+00, 3.156034e-01, 0, 
controlindv21, 1.000000e+00, -6.544078e+00, 2.531474e-01, 0, 
controlindv22, 1.000000e+00, -8.830721e+00, 3.685396e-01, 0, 
controlindv23, 1.000000e+00, -8.130057e+00, -3.432298e-02, 0, 
controlindv24, 1.000000e+00, -8.144583e+00, 3.253752e-01, 0, 
controlindv25, 1.000000e+00, -4.718405e+00, 2.388045e-01, 0, 
controlindv26, 1.000000e+00, -4.840197e+00, 6.588285e-02, 0, 
controlindv27, 1.000000e+00, -6.546196e+00, 2.440891e-01, 0, 
controlindv28, 1.000000e+00, -5.004152e+00, 1.214480e-01, 0, 
controlindv29, 1.000000e+00, -9.920881e+00, 5.503886e-01, 0, 
controlindv30, 1.000000e+00, -6.002938e+00, 1.297314e-01, 0, 
controlindv31, 1.000000e+00, -6.458352e+00, 2.884619e-01, 0, 
controlindv32, 1.000000e+00, -3.510503e+00, 7.692235e-02, 0, 
controlindv33, 1.000000e+00, -6.290127e+00, 1.882532e-01, 0, 
controlindv34, 1.000000e+00, -7.047255e+00, 2.464801e-01, 0, 
controlindv35, 1.000000e+00, -5.102957e+00, 2.267082e-01, 0, 
controlindv36, 1.000000e+00, -7.324786e+00, 3.593768e-01, 0, 
controlindv37, 1.000000e+00, -6.980231e+00, 2.907737e-01, 0, 
controlindv38, 1.000000e+00, -4.962915e+00, 1.294643e-01, 0, 
controlindv39, 1.000000e+00, -7.443444e+00, 3.380262e-01, 0, 
controlindv40, 1.000000e+00, -6.173053e+00, 2.588562e-01, 0, 
controlindv41, 1.000000e+00, -2.978540e+00, 1.879286e-01, 0, 
controlindv42, 1.000000e+00, -9.227293e+00, 3.355490e-01, 0, 
controlindv43, 1.000000e+00, -8.966217e+00, 3.352295e-01, 0, 
controlindv44, 1.000000e+00, -3.976298e+00, 2.076168e-01, 0, 
controlindv45, 1.000000e+00, -7.568049e+00, 3.062409e-01, 0, 
controlindv46, 1.000000e+00, -4.527750e+00, 5.099187e-02, 0, 
controlindv47, 1.000000e+00, -8.080019e+00, 4.426519e-01, 0, 
controlindv48, 1.000000e+00, -7.776184e+00, 2.672376e-01, 0, 
controlindv49, 1.000000e+00, -8.852403e+00, 5.623420e-01, 0, 
controlindv50, 1.000000e+00, -7.491728e+00, 2.400027e-01, 0, 
controlindv51, 1.000000e+00, -8.259408e+00, 3.375357e-01, 0, 
controlindv52, 1.000000e+00, -3.220741e+00, -9.803262e-02, 0, 
controlindv53, 1.000000e+00, -2.439018e+00, -2.674078e-01, 0, 
controlindv54, 1.000000e+00, -7.827208e+00, 3.367275e-01, 0, 
controlindv55, 1.000000e+00, -8.055951e+00, 2.788589e-01, 0, 
controlindv56, 1.000000e+00, -5.002223e+00, 1.356693e-02, 0, 
controlindv57, 1.000000e+00, -3.421851e+00, 1.596683e-01, 0, 
controlindv58, 1.000000e+00, -5.116960e+00, 1.776056e-01, 0, 
controlindv59, 1.000000e+00, -7.089960e+00, 1.868573e-01, 0, 
controlindv60, 1.000000e+00, -1.156732e+01, 4.527365e-01, 0, 
controlindv61, 1.000000e+00, -8.682064e+00, 1.281836e-01, 0, 
controlindv62, 1.000000e+00, -5.635030e+00, -4.076076e-02, 0, 
controlindv63, 1.000000e+00, -6.681159e+00, 2.994732e-01, 0, 
controlindv64, 1.000000e+00, -1.139969e+01, 5.180327e-01, 0, 
controlindv65, 1.000000e+00, -1.006215e+01, 3.715643e-01, 0, 
controlindv66, 1.000000e+00, -5.524779e+00, 3.472898e-01, 0, 
controlindv67, 1.000000e+00, -3.446508e+00, -1.252533e-01, 0, 
controlindv68, 1.000000e+00, -5.517375e+00, 2.147509e-01, 0, 
controlindv69, 1.000000e+00, -7.631571e+00, 4.128749e-01, 0, 
controlindv70, 1.000000e+00, -4.314907e+00, 9.826067e-02, 0, 
controlindv71, 1.000000e+00, -7.499359e+00, 4.149522e-01, 0, 
controlindv72, 1.000000e+00, -5.467122e+00, 8.714231e-02, 0, 
controlindv73, 1.000000e+00, -9.505654e+00, 3.005340e-01, 0, 
controlindv74, 1.000000e+00, -5.019962e+00, 2.675126e-01, 0, 
controlindv75, 1.000000e+00, -6.043503e+00, 3.418067e-01, 0, 
controlindv76, 1.000000e+00, -7.036487e+00, 1.198808e-01, 0, 
controlindv77, 1.000000e+00, -6.588655e+00, 1.177076e-02, 0, 
controlindv78, 1.000000e+00, -6.279404e+00, -6.434479e-02, 0, 
controlindv79, 1.000000e+00, -7.005929e+00, 3.341002e-01, 0, 
controlindv80, 1.000000e+00, -3.116136e+00, 4.172530e-02, 0, 
controlindv81, 1.000000e+00, -2.659784e+00, 1.416065e-02, 0, 
controlindv82, 1.000000e+00, -6.652798e+00, 2.732431e-01, 0, 
controlindv83, 1.000000e+00, -1.105415e+01, 4.826094e-01, 0, 
controlindv84, 1.000000e+00, -3.834375e+00, -8.625861e-02, 0, 
controlindv85, 1.000000e+00, -2.633424e+00, -5.527623e-02, 0, 
controlindv86, 1.000000e+00, -7.288138e+00, 2.075373e-01, 0, 
controlindv87, 1.000000e+00, -1.022083e+01, 3.171470e-01, 0, 
controlindv88, 1.000000e+00, -2.992933e+00, 1.374343e-01, 0, 
controlindv89, 1.000000e+00, -2.691641e+00, 2.106488e-01, 0, 
controlindv90, 1.000000e+00, -7.903812e+00, 3.340398e-01, 0, 
controlindv91, 1.000000e+00, -5.190770e+00, 2.999709e-01, 0, 
controlindv92, 1.000000e+00, -9.458965e+00, 3.336969e-01, 0, 
controlindv93, 1.000000e+00, -5.740122e+00, 3.655031e-01, 0, 
controlindv94, 1.000000e+00, -7.188646e+00, 1.091800e-02, 0, 
controlindv95, 1.000000e+00, -5.882854e+00, 1.769372e-01, 0, 
controlindv96, 1.000000e+00, -8.058993e+00, 2.515334e-01, 0, 
controlindv97, 1.000000e+00, -1.049294e+01, 4.856542e-01, 0, 
controlindv98, 1.000000e+00, -6.273122e+00, 2.228219e-01, 0, 
controlindv99, 1.000000e+00, -9.084983e+00, 5.203806e-01, 0, 
controlindv100, 1.000000e+00, -4.535192e+00, 9.069897e-02, 0, 
controlindv101, 1.000000e+00, -9.295424e+00, 4.319275e-01, 0, 
controlindv102, 1.000000e+00, -5.335582e+00, 3.501274e-01, 0, 
controlindv103, 1.000000e+00, -9.825847e+00, 3.771788e-01, 0, 
controlindv104, 1.000000e+00, -1.105446e+01, 2.411940e-01, 0, 
controlindv105, 1.000000e+00, -3.846559e+00, 1.238623e-01, 0, 
controlindv106, 1.000000e+00, -1.913931e+00, -3.053703e-01, 0, 
controlindv107, 1.000000e+00, -7.354142e+00, 2.758994e-01, 0, 
controlindv108, 1.000000e+00, -2.760404e+00, 7.917436e-02, 0, 
controlindv109, 1.000000e+00, -7.419555e+00, 3.342237e-01, 0, 
controlindv110, 1.000000e+00, -6.233191e+00, 3.330788e-01, 0, 
controlindv111, 1.000000e+00, -4.159836e+00, -5.086082e-02, 0, 
controlindv112, 1.000000e+00, -5.210567e+00, 1.090355e-01, 0, 
controlindv113, 1.000000e+00, -4.135510e+00, 3.302389e-02, 0, 
controlindv114, 1.000000e+00, -8.364019e+00, 4.296285e-01, 0, 
controlindv115, 1.000000e+00, -4.751427e+00, 3.188891e-01, 0, 
controlindv116, 1.000000e+00, -9.107844e+00, 2.851792e-01, 0, 
controlindv117, 1.000000e+00, -4.914402e+00, 1.422771e-01, 0, 
controlindv118, 1.000000e+00, -6.415168e+00, 2.369695e-01, 0, 
controlindv119, 1.000000e+00, -5.618071e+00, 4.580399e-02, 0, 
controlindv120, 1.000000e+00, -6.318256e+00, 2.106243e-01, 0, 
controlindv121, 1.000000e+00, -5.469383e+00, 1.757710e-01, 0, 
controlindv122, 1.000000e+00, -4.123581e+00, 4.936724e-02, 0, 
controlindv123, 1.000000e+00, -5.246776e+00, 1.251452e-01, 0, 
controlindv124, 1.000000e+00, -7.223011e+00, 3.630294e-01, 0, 
controlindv125, 1.000000e+00, -6.799143e+00, 2.832628e-01, 0, 
controlindv126, 1.000000e+00, -7.824146e+00, 1.208729e-01, 0, 
controlindv127, 1.000000e+00, -7.864672e+00, 3.554324e-01, 0, 
controlindv128, 1.000000e+00, -5.861757e+00, 4.399030e-01, 0, 
controlindv129, 1.000000e+00, -4.137226e+00, 9.139502e-02, 0, 
controlindv130, 1.000000e+00, -7.172059e+00, 3.297114e-01, 0, 
controlindv131, 1.000000e+00, -2.035176e+00, -2.048377e-02, 0, 
controlindv132, 1.000000e+00, -6.156042e+00, 3.675274e-01, 0, 
controlindv133, 1.000000e+00, -5.595691e+00, -1.391620e-02, 0, 
controlindv134, 1.000000e+00, -8.674941e+00, 3.019076e-01, 0, 
controlindv135, 1.000000e+00, -4.538602e+00, 1.151569e-01, 0, 
controlindv136, 1.000000e+00, -5.936156e+00, 1.734735e-01, 0, 
controlindv137, 1.000000e+00, -6.883761e+00, 2.554091e-01, 0, 
controlindv138, 1.000000e+00, -5.826025e+00, 1.310719e-01, 0, 
controlindv139, 1.000000e+00, -6.416955e+00, 4.794345e-01, 0, 
controlindv140, 1.000000e+00, -1.017316e+01, 4.541730e-01, 0, 
controlindv141, 1.000000e+00, -6.874493e+00, 2.338085e-01, 0, 
controlindv142, 1.000000e+00, -7.252079e+00, 5.082492e-01, 0, 
controlindv143, 1.000000e+00, -2.894943e+00, -2.375429e-02, 0, 
controlindv144, 1.000000e+00, -9.435570e+00, 4.896121e-01, 0, 
controlindv145, 1.000000e+00, -9.666102e+00, 3.544963e-01, 0, 
controlindv146, 1.000000e+00, -3.735540e+00, -3.403503e-02, 0, 
controlindv147, 1.000000e+00, -4.401482e+00, -4.618746e-02, 0, 
controlindv148, 1.000000e+00, -6.098847e+00, 4.524994e-01, 0, 
controlindv149, 1.000000e+00, -8.853046e+00, 5.148299e-01, 0, 
controlindv150, 1.000000e+00, -6.898487e+00, 2.482452e-01, 0, 
controlindv151, 1.000000e+00, -4.945178e+00, 2.046171e-01, 0, 
controlindv152, 1.000000e+00, -2.976181e+00, 1.447780e-02, 0, 
controlindv153, 1.000000e+00, -3.070000e+00, -7.828687e-02, 0, 
controlindv154, 1.000000e+00, -1.014424e+01, 3.135397e-01, 0, 
controlindv155, 1.000000e+00, -6.941590e+00, 3.815322e-01, 0, 
controlindv156, 1.000000e+00, -5.161854e+00, -3.542534e-02, 0, 
controlindv157, 1.000000e+00, -6.196053e+00, 4.262234e-02, 0, 
controlindv158, 1.000000e+00, -5.694153e+00, 6.968007e-02, 0, 
controlindv159, 1.000000e+00, -7.469668e+00, 3.783132e-01, 0, 
controlindv160, 1.000000e+00, -6.395724e+00, 9.852126e-02, 0, 
controlindv161, 1.000000e+00, -1.008110e+01, 7.181257e-01, 0, 
controlindv162, 1.000000e+00, -8.264734e+00, 1.920098e-01, 0, 
controlindv163, 1.000000e+00, -5.278794e+00, 1.614113e-02, 0, 
controlindv164, 1.000000e+00, -6.373533e+00, 1.154743e-01, 0, 
controlindv165, 1.000000e+00, -1.563618e+00, -7.780516e-02, 0, 
controlindv166, 1.000000e+00, -8.577763e+00, 3.722243e-01, 0, 
controlindv167, 1.000000e+00, -3.501233e+00, -2.963308e-03, 0, 
controlindv168, 1.000000e+00, -5.088162e+00, 1.207707e-01, 0, 
controlindv169, 1.000000e+00, -5.177281e+00, 7.818380e-02, 0, 
controlindv170, 1.000000e+00, -6.370107e+00, 1.917062e-01, 0, 
controlindv171, 1.000000e+00, -9.633272e+00, 2.536393e-01, 0, 
controlindv172, 1.000000e+00, -6.398514e+00, 1.224563e-01, 0, 
controlindv173, 1.000000e+00, -8.856366e+00, 3.933854e-01, 0, 
controlindv174, 1.000000e+00, -7.573966e+00, 1.127870e-01, 0, 
controlindv175, 1.000000e+00, -6.074816e+00, 7.236490e-02, 0, 
controlindv176, 1.000000e+00, -6.699794e+00, 3.804348e-01, 0, 
controlindv177, 1.000000e+00, -6.167459e+00, 2.430881e-01, 0, 
controlindv178, 1.000000e+00, -4.489177e+00, 1.360124e-01, 0, 
controlindv179, 1.000000e+00, -4.830130e+00, 1.901880e-01, 0, 
controlindv180, 1.000000e+00, -7.415222e+00, 2.683477e-01, 0, 
controlindv181, 1.000000e+00, -8.522551e+00, 3.611630e-01, 0, 
controlindv182, 1.000000e+00, -7.004994e+00, 1.700770e-01, 0, 
controlindv183, 1.000000e+00, -7.624067e+00, 7.984527e-02, 0, 
controlindv184, 1.000000e+00, -8.060508e+00, 3.489220e-01, 0, 
controlindv185, 1.000000e+00, -3.903187e+00, 3.841218e-02, 0, 
controlindv186, 1.000000e+00, -2.157749e+00, 4.542086e-02, 0, 
controlindv187, 1.000000e+00, -5.342072e+00, 2.306155e-01, 0, 
controlindv188, 1.000000e+00, -6.755573e+00, 3.913131e-01, 0, 
controlindv189, 1.000000e+00, -5.015362e+00, -1.458731e-01, 0, 
controlindv190, 1.000000e+00, -6.350674e+00, 2.277577e-01, 0, 
controlindv191, 1.000000e+00, -4.868466e+00, 4.365247e-02, 0, 
controlindv192, 1.000000e+00, -5.171726e+00, 1.355072e-01, 0, 
controlindv193, 1.000000e+00, -4.790240e+00, 1.763670e-01, 0, 
controlindv194, 1.000000e+00, -4.881440e+00, -1.414487e-01, 0, 
controlindv195, 1.000000e+00, -7.072005e+00, 3.658630e-01, 0, 
controlindv196, 1.000000e+00, -9.354641e+00, 3.385219e-01, 0, 
controlindv197, 1.000000e+00, -4.078058e+00, 1.873040e-01, 0, 
controlindv198, 1.000000e+00, -7.080490e+00, 1.321276e-01, 0, 
controlindv199, 1.000000e+00, -6.700682e+00, 2.935225e-01, 0, 
caseindv0, 2.000000e+00, -3.112161e+00, 1.239414e-01, 0, 
caseindv1, 2.000000e+00, -1.037034e+01, 5.793542e-01, 0, 
caseindv2, 2.000000e+00, -1.318654e+01, 6.201717e-01, 0, 
caseindv3, 2.000000e+00, -8.353264e+00, 4.244719e-01, 0, 
caseindv4, 2.000000e+00, -9.468612e+00, 5.263002e-01, 0, 
caseindv5, 2.000000e+00, -7.778056e+00, 1.695082e-01, 0, 
caseindv6, 2.000000e+00, -8.281423e+00, 3.610368e-01, 0, 
caseindv7, 2.000000e+00, -7.923214e+00, 4.505746e-01, 0, 
caseindv8, 2.000000e+00, -7.760395e+00, 3.170427e-01, 0, 
caseindv9, 2.000000e+00, -8.931854e+00, 4.135657e-01, 0, 
caseindv10, 2.000000e+00, -5.173802e+00, 1.143210e-01, 0, 
caseindv11, 2.000000e+00, -9.309313e+00, 4.793397e-01, 0, 
caseindv12, 2.000000e+00, -8.292420e+00, 2.335900e-01, 0, 
caseindv13, 2.000000e+00, -7.348718e+00, 2.790947e-01, 0, 
caseindv14, 2.000000e+00, -7.367153e+00, 5.749497e-01, 0, 
caseindv15, 2.000000e+00, -5.120101e+00, 8.975621e-02, 0, 
caseindv16, 2.000000e+00, -7.643662e+00, 4.601261e-01, 0, 
caseindv17, 2.000000e+00, -1.055742e+01, 5.925747e-01, 0, 
caseindv18, 2.000000e+00, -1.060930e+01, 3.668399e-01, 0, 
caseindv19, 2.000000e+00, -5.525760e+00, 1.502884e-01, 0, 
caseindv20, 2.000000e+00, -6.682337e+00, 3.156034e-01, 0, 
caseindv21, 2.000000e+00, -6.544078e+00, 2.531474e-01, 0, 
caseindv22, 2.000000e+00, -8.830721e+00, 3.685396e-01, 0, 
caseindv23, 2.000000e+00, -8.130057e+00, -3.432298e-02, 0, 
caseindv24, 2.000000e+00, -8.144583e+00, 3.253752e-01, 0, 
caseindv25, 2.000000e+00, -4.718405e+00, 2.388045e-01, 0, 
caseindv26, 2.000000e+00, -4.840197e+00, 6.588285e-02, 0, 
caseindv27, 2.000000e+00, -6.546196e+00, 2.440891e-01, 0, 
caseindv28, 2.000000e+00, -5.004152e+00, 1.214480e-01, 0, 
caseindv29, 2.000000e+00, -9.920881e+00, 5.503886e-01, 0, 
caseindv30, 2.000000e+00, -6.002938e+00, 1.297314e-01, 0, 
caseindv31, 2.000000e+00, -6.458352e+00, 2.884619e-01, 0, 
caseindv32, 2.000000e+00, -3.510503e+00, 7.692235e-02, 0, 
caseindv33, 2.000000e+00, -6.290127e+00, 1.882532e-01, 0, 
caseindv34, 2.000000e+00, -7.047255e+00, 2.464801e-01, 0, 
caseindv35, 2.000000e+00, -5.102957e+00, 2.267082e-01, 0, 
caseindv36, 2.000000e+00, -7.324786e+00, 3.593768e-01, 0, 
caseindv37, 2.000000e+00, -6.980231e+00, 2.907737e-01, 0, 
caseindv38, 2.000000e+00, -4.962915e+00, 1.294643e-01, 0, 
caseindv39, 2.000000e+00, -7.443444e+00, 3.380262e-01, 0, 
caseindv40, 2.000000e+00, -6.173053e+00, 2.588562e-01, 0, 
caseindv41, 2.000000e+00, -2.978540e+00, 1.879286e-01, 0, 
caseindv42, 2.000000e+00, -9.227293e+00, 3.355490e-01, 0, 
caseindv43, 2.000000e+00, -8.966217e+00, 3.352295e-01, 0, 
caseindv44, 2.000000e+00, -3.976298e+00, 2.076168e-01, 0, 
caseindv45, 2.000000e+00, -7.568049e+00, 3.062409e-01, 0, 
caseindv46, 2.000000e+00, -4.527750e+00, 5.099187e-02, 0, 
caseindv47, 2.000000e+00, -8.080019e+00, 4.426519e-01, 0, 
caseindv48, 2.000000e+00, -7.776184e+00, 2.672376e-01, 0, 
caseindv49, 2.000000e+00, -8.852403e+00, 5.623420e-01, 0, 
caseindv50, 2.000000e+00, -7.491728e+00, 2.400027e-01, 0, 
caseindv51, 2.000000e+00, -8.259408e+00, 3.375357e-01, 0, 
caseindv52, 2.000000e+00, -3.220741e+00, -9.803262e-02, 0, 
caseindv53, 2.000000e+00, -2.439018e+00, -2.674078e-01, 0, 
caseindv54, 2.000000e+00, -7.827208e+00, 3.367275e-01, 0, 
caseindv55, 2.000000e+00, -8.055951e+00, 2.788589e-01, 0, 
caseindv56, 2.000000e+00, -5.002223e+00, 1.356693e-02, 0, 
caseindv57, 2.000000e+00, -3.421851e+00, 1.596683e-01, 0, 
caseindv58, 2.000000e+00, -5.116960e+00, 1.776056e-01, 0, 
caseindv59, 2.000000e+00, -7.089960e+00, 1.868573e-01, 0, 
caseindv60, 2.000000e+00, -1.156732e+01, 4.527365e-01, 0, 
caseindv61, 2.000000e+00, -8.682064e+00, 1.281836e-01, 0, 
caseindv62, 2.000000e+00, -5.635030e+00, -4.076076e-02, 0, 
caseindv63, 2.000000e+00, -6.681159e+00, 2.994732e-01, 0, 
caseindv64, 2.000000e+00, -1.139969e+01, 5.180327e-01, 0, 
caseindv65, 2.000000e+00, -1.006215e+01, 3.715643e-01, 0, 
caseindv66, 2.000000e+00, -5.524779e+00, 3.472898e-01, 0, 
caseindv67, 2.000000e+00, -3.446508e+00, -1.252533e-01, 0, 
caseindv68, 2.000000e+00, -5.517375e+00, 2.147509e-01, 0, 
caseindv69, 2.000000e+00, -7.631571e+00, 4.128749e-01, 0, 
caseindv70, 2.000000e+00, -4.314907e+00, 9.826067e-02, 0, 
caseindv71, 2.000000e+00, -7.499359e+00, 4.149522e-01, 0, 
caseindv72, 2.000000e+00, -5.467122e+00, 8.714231e-02, 0, 
caseindv73, 2.000000e+00, -9.505654e+00, 3.005340e-01, 0, 
caseindv74, 2.000000e+00, -5.019962e+00, 2.675126e-01, 0, 
caseindv75, 2.000000e+00, -6.043503e+00, 3.418067e-01, 0, 
caseindv76, 2.000000e+00, -7.036487e+00, 1.198808e-01, 0, 
caseindv77, 2.000000e+00, -6.588655e+00, 1.177076e-02, 0, 
caseindv78, 2.000000e+00, -6.279404e+00, -6.434479e-02, 0, 
caseindv79, 2.000000e+00, -7.005929e+00, 3.341002e-01, 0, 
caseindv80, 2.000000e+00, -3.116136e+00, 4.172530e-02, 0, 
caseindv81, 2.000000e+00, -2.659784e+00, 1.416065e-02, 0, 
caseindv82, 2.000000e+00, -6.652798e+00, 2.732431e-01, 0, 
caseindv83, 2.000000e+00, -1.105415e+01, 4.826094e-01, 0, 
caseindv84, 2.000000e+00, -3.834375e+00, -8.625861e-02, 0, 
caseindv85, 2.000000e+00, -2.633424e+00, -5.527623e-02, 0, 
caseindv86, 2.000000e+00, -7.288138e+00, 2.075373e-01, 0, 
caseindv87, 2.000000e+00, -1.022083e+01, 3.171470e-01, 0, 
caseindv88, 2.000000e+00, -2.992933e+00, 1.374343e-01, 0, 
caseindv89, 2.000000e+00, -2.691641e+00, 2.106488e-01, 0, 
caseindv90, 2.000000e+00, -7.903812e+00, 3.340398e-01, 0, 
caseindv91, 2.000000e+00, -5.190770e+00, 2.999709e-01, 0, 
caseindv92, 2.000000e+00, -9.458965e+00, 3.336969e-01, 0, 
caseindv93, 2.000000e+00, -5.740122e+00, 3.655031e-01, 0, 
caseindv94, 2.000000e+00, -7.188646e+00, 1.091800e-02, 0, 
caseindv95, 2.000000e+00, -5.882854e+00, 1.769372e-01, 0, 
caseindv96, 2.000000e+00, -8.058993e+00, 2.515334e-01, 0, 
caseindv97, 2.000000e+00, -1.049294e+01, 4.856542e-01, 0, 
caseindv98, 2.000000e+00, -6.273122e+00, 2.228219e-01, 0, 
caseindv99, 2.000000e+00, -9.084983e+00, 5.203806e-01, 0, 
caseindv100, 2.000000e+00, -4.535192e+00, 9.069897e-02, 0, 
caseindv101, 2.000000e+00, -9.295424e+00, 4.319275e-01, 0, 
caseindv102, 2.000000e+00, -5.335582e+00, 3.501274e-01, 0, 
caseindv103, 2.000000e+00, -9.825847e+00, 3.771788e-01, 0, 
caseindv104, 2.000000e+00, -1.105446e+01, 2.411940e-01, 0, 
caseindv105, 2.000000e+00, -3.846559e+00, 1.238623e-01, 0, 
caseindv106, 2.000000e+00, -1.913931e+00, -3.053703e-01, 0, 
caseindv107, 2.000000e+00, -7.354142e+00, 2.758994e-01, 0, 
caseindv108, 2.000000e+00, -2.760404e+00, 7.917436e-02, 0, 
caseindv109, 2.000000e+00, -7.419555e+00, 3.342237e-01, 0, 
caseindv110, 2.000000e+00, -6.233191e+00, 3.330788e-01, 0, 
caseindv111, 2.000000e+00, -4.159836e+00, -5.086082e-02, 0, 
caseindv112, 2.000000e+00, -5.210567e+00, 1.090355e-01, 0, 
caseindv113, 2.000000e+00, -4.135510e+00, 3.302389e-02, 0, 
caseindv114, 2.000000e+00, -8.364019e+00, 4.296285e-01, 0, 
caseindv115, 2.000000e+00, -4.751427e+00, 3.188891e-01, 0, 
caseindv116, 2.000000e+00, -9.107844e+00, 2.851792e-01, 0, 
caseindv117, 2.000000e+00, -4.914402e+00, 1.422771e-01, 0, 
caseindv118, 2.000000e+00, -6.415168e+00, 2.369695e-01, 0, 
caseindv119, 2.000000e+00, -5.618071e+00, 4.580399e-02, 0, 
caseindv120, 2.000000e+00, -6.318256e+00, 2.106243e-01, 0, 
caseindv121, 2.000000e+00, -5.469383e+00, 1.757710e-01, 0, 
caseindv122, 2.000000e+00, -4.123581e+00, 4.936724e-02, 0, 
caseindv123, 2.000000e+00, -5.246776e+00, 1.251452e-01, 0, 
caseindv124, 2.000000e+00, -7.223011e+00, 3.630294e-01, 0, 
caseindv125, 2.000000e+00, -6.799143e+00, 2.832628e-01, 0, 
caseindv126, 2.000000e+00, -7.824146e+00, 1.208729e-01, 0, 
caseindv127, 2.000000e+00, -7.864672e+00, 3.554324e-01, 0, 
caseindv128, 2.000000e+00, -5.861757e+00, 4.399030e-01, 0, 
caseindv129, 2.000000e+00, -4.137226e+00, 9.139502e-02, 0, 
caseindv130, 2.000000e+00, -7.172059e+00, 3.297114e-01, 0, 
caseindv131, 2.000000e+00, -2.035176e+00, -2.048377e-02, 0, 
caseindv132, 2.000000e+00, -6.156042e+00, 3.675274e-01, 0, 
caseindv133, 2.000000e+00, -5.595691e+00, -1.391620e-02, 0, 
caseindv134, 2.000000e+00, -8.674941e+00, 3.019076e-01, 0, 
caseindv135, 2.000000e+00, -4.538602e+00, 1.151569e-01, 0, 
caseindv136, 2.000000e+00, -5.936156e+00, 1.734735e-01, 0, 
caseindv137, 2.000000e+00, -6.883761e+00, 2.554091e-01, 0, 
caseindv138, 2.000000e+00, -5.826025e+00, 1.310719e-01, 0, 
caseindv139, 2.000000e+00, -6.416955e+00, 4.794345e-01, 0, 
caseindv140, 2.000000e+00, -1.017316e+01, 4.541730e-01, 0, 
caseindv141, 2.000000e+00, -6.874493e+00, 2.338085e-01, 0, 
caseindv142, 2.000000e+00, -7.252079e+00, 5.082492e-01, 0, 
caseindv143, 2.000000e+00, -2.894943e+00, -2.375429e-02, 0, 
caseindv144, 2.000000e+00, -9.435570e+00, 4.896121e-01, 0, 
caseindv145, 2.000000e+00, -9.666102e+00, 3.544963e-01, 0, 
caseindv146, 2.000000e+00, -3.735540e+00, -3.403503e-02, 0, 
caseindv147, 2.000000e+00, -4.401482e+00, -4.618746e-02, 0, 
caseindv148, 2.000000e+00, -6.098847e+00, 4.524994e-01, 0, 
caseindv149, 2.000000e+00, -8.853046e+00, 5.148299e-01, 0, 
caseindv150, 2.000000e+00, -6.898487e+00, 2.482452e-01, 0, 
caseindv151, 2.000000e+00, -4.945178e+00, 2.046171e-01, 0, 
caseindv152, 2.000000e+00, -2.976181e+00, 1.447780e-02, 0, 
caseindv153, 2.000000e+00, -3.070000e+00, -7.828687e-02, 0, 
caseindv154, 2.000000e+00, -1.014424e+01, 3.135397e-01, 0, 
caseindv155, 2.000000e+00, -6.941590e+00, 3.815322e-01, 0, 
caseindv156, 2.000000e+00, -5.161854e+00, -3.542534e-02, 0, 
caseindv157, 2.000000e+00, -6.196053e+00, 4.262234e-02, 0, 
caseindv158, 2.000000e+00, -5.694153e+00, 6.968007e-02, 0, 
caseindv159, 2.000000e+00, -7.469668e+00, 3.783132e-01, 0, 
caseindv160, 2.000000e+00, -6.395724e+00, 9.852126e-02, 0, 
caseindv161, 2.000000e+00, -1.008110e+01, 7.181257e-01, 0, 
caseindv162, 2.000000e+00, -8.264734e+00, 1.920098e-01, 0, 
caseindv163, 2.000000e+00, -5.278794e+00, 1.614113e-02, 0, 
caseindv164, 2.000000e+00, -6.373533e+00, 1.154743e-01, 0, 
caseindv165, 2.000000e+00, -1.563618e+00, -7.780516e-02, 0, 
caseindv166, 2.000000e+00, -8.577763e+00, 3.722243e-01, 0, 
caseindv167, 2.000000e+00, -3.501233e+00, -2.963308e-03, 0, 
caseindv168, 2.000000e+00, -5.088162e+00, 1.207707e-01, 0, 
caseindv169, 2.000000e+00, -5.177281e+00, 7.818380e-02, 0, 
caseindv170, 2.000000e+00, -6.370107e+00, 1.917062e-01, 0, 
caseindv171, 2.000000e+00, -9.633272e+00, 2.536393e-01, 0, 
caseindv172, 2.000000e+00, -6.398514e+00, 1.224563e-01, 0, 
caseindv173, 2.000000e+00, -8.856366e+00, 3.933854e-01, 0, 
caseindv174, 2.000000e+00, -7.573966e+00, 1.127870e-01, 0, 
caseindv175, 2.000000e+00, -6.074816e+00, 7.236490e-02, 0, 
caseindv176, 2.000000e+00, -6.699794e+00, 3.804348e-01, 0, 
caseindv177, 2.000000e+00, -6.167459e+00, 2.430881e-01, 0, 
caseindv178, 2.000000e+00, -4.489177e+00, 1.360124e-01, 0, 
caseindv179, 2.000000e+00, -4.830130e+00, 1.901880e-01, 0, 
caseindv180, 2.000000e+00, -7.415222e+00, 2.683477e-01, 0, 
caseindv181, 2.000000e+00, -8.522551e+00, 3.611630e-01, 0, 
caseindv182, 2.000000e+00, -7.004994e+00, 1.700770e-01, 0, 
caseindv183, 2.000000e+00, -7.624067e+00, 7.984527e-02, 0, 
caseindv184, 2.000000e+00, -8.060508e+00, 3.489220e-01, 0, 
caseindv185, 2.000000e+00, -3.903187e+00, 3.841218e-02, 0, 
caseindv186, 2.000000e+00, -2.157749e+00, 4.542086e-02, 0, 
caseindv187, 2.000000e+00, -5.342072e+00, 2.306155e-01, 0, 
caseindv188, 2.000000e+00, -6.755573e+00, 3.913131e-01, 0, 
caseindv189, 2.000000e+00, -5.015362e+00, -1.458731e-01, 0, 
caseindv190, 2.000000e+00, -6.350674e+00, 2.277577e-01, 0, 
caseindv191, 2.000000e+00, -4.868466e+00, 4.365247e-02, 0, 
caseindv192, 2.000000e+00, -5.171726e+00, 1.355072e-01, 0, 
caseindv193, 2.000000e+00, -4.790240e+00, 1.763670e-01, 0, 
caseindv194, 2.000000e+00, -4.881440e+00, -1.414487e-01, 0, 
caseindv195, 2.000000e+00, -7.072005e+00, 3.658630e-01, 0, 
caseindv196, 2.000000e+00, -9.354641e+00, 3.385219e-01, 0, 
caseindv197, 2.000000e+00, -4.078058e+00, 1.873040e-01, 0, 
caseindv198, 2.000000e+00, -7.080490e+00, 1.321276e-01, 0, 
caseindv199, 2.000000e+00, -6.700682e+00, 2.935225e-01, 0, 
