IID, true_phens, raw_effects_prs, pval_derived_effects_prs, sex
controlindv0, 1.000000e+00, 4.015656e+00, -3.846807e-01, 0, 
controlindv1, 1.000000e+00, 3.830080e+00, -5.742136e-01, 0, 
controlindv2, 1.000000e+00, 1.942879e+00, -2.533309e-01, 0, 
controlindv3, 1.000000e+00, 3.506495e+00, -4.247284e-01, 0, 
controlindv4, 1.000000e+00, 4.818667e+00, -2.902240e-01, 0, 
controlindv5, 1.000000e+00, 5.803579e+00, -4.649064e-01, 0, 
controlindv6, 1.000000e+00, 2.316850e+00, -4.198913e-02, 0, 
controlindv7, 1.000000e+00, 3.100063e+00, -3.751799e-01, 0, 
controlindv8, 1.000000e+00, 3.731958e+00, -3.255939e-01, 0, 
controlindv9, 1.000000e+00, 1.634395e+00, -1.821205e-01, 0, 
controlindv10, 1.000000e+00, 5.181168e+00, -2.858703e-01, 0, 
controlindv11, 1.000000e+00, 5.865826e+00, -4.815727e-01, 0, 
controlindv12, 1.000000e+00, 7.493890e+00, -2.912962e-01, 0, 
controlindv13, 1.000000e+00, 1.898962e+00, -2.975326e-01, 0, 
controlindv14, 1.000000e+00, -8.552811e-01, 4.113558e-02, 0, 
controlindv15, 1.000000e+00, 3.924273e+00, -3.376904e-01, 0, 
controlindv16, 1.000000e+00, 6.651831e+00, -4.513759e-01, 0, 
controlindv17, 1.000000e+00, 5.880574e+00, -2.657087e-01, 0, 
controlindv18, 1.000000e+00, -6.862104e-01, -7.020896e-02, 0, 
controlindv19, 1.000000e+00, 6.294716e+00, -5.139361e-01, 0, 
controlindv20, 1.000000e+00, 1.241608e+00, -1.398030e-01, 0, 
controlindv21, 1.000000e+00, 2.151300e+00, -4.023963e-01, 0, 
controlindv22, 1.000000e+00, 3.788161e+00, -4.714623e-01, 0, 
controlindv23, 1.000000e+00, -2.644603e-01, -1.347757e-01, 0, 
controlindv24, 1.000000e+00, 3.240165e+00, -3.542356e-01, 0, 
controlindv25, 1.000000e+00, 6.160396e+00, -5.483688e-01, 0, 
controlindv26, 1.000000e+00, 6.940944e+00, -3.219202e-01, 0, 
controlindv27, 1.000000e+00, 2.680990e+00, -3.588159e-01, 0, 
controlindv28, 1.000000e+00, 9.048054e-01, -1.150945e-01, 0, 
controlindv29, 1.000000e+00, 5.367835e+00, -6.014100e-01, 0, 
controlindv30, 1.000000e+00, 4.277688e+00, -4.629376e-01, 0, 
controlindv31, 1.000000e+00, 3.830323e+00, -3.205658e-01, 0, 
controlindv32, 1.000000e+00, 3.915187e+00, -3.793187e-01, 0, 
controlindv33, 1.000000e+00, 3.249052e+00, -4.220455e-01, 0, 
controlindv34, 1.000000e+00, 6.699921e+00, -5.065705e-01, 0, 
controlindv35, 1.000000e+00, 5.454273e+00, -5.276389e-01, 0, 
controlindv36, 1.000000e+00, 6.499766e+00, -4.487996e-01, 0, 
controlindv37, 1.000000e+00, 3.973702e+00, 5.643256e-03, 0, 
controlindv38, 1.000000e+00, 6.446525e+00, -4.408516e-01, 0, 
controlindv39, 1.000000e+00, 9.953213e+00, -9.077278e-01, 0, 
controlindv40, 1.000000e+00, 4.930242e+00, -5.106731e-01, 0, 
controlindv41, 1.000000e+00, 3.124163e+00, -2.810362e-01, 0, 
controlindv42, 1.000000e+00, 3.538147e+00, -3.116951e-01, 0, 
controlindv43, 1.000000e+00, 4.005765e+00, -2.798665e-01, 0, 
controlindv44, 1.000000e+00, 5.675718e+00, -4.254383e-01, 0, 
controlindv45, 1.000000e+00, 5.868453e+00, -5.051538e-01, 0, 
controlindv46, 1.000000e+00, 3.168127e+00, -2.486766e-01, 0, 
controlindv47, 1.000000e+00, 3.196130e+00, -3.515997e-01, 0, 
controlindv48, 1.000000e+00, 4.700823e+00, -3.119384e-01, 0, 
controlindv49, 1.000000e+00, 5.520125e+00, -4.166808e-01, 0, 
controlindv50, 1.000000e+00, 3.049765e+00, -3.976870e-01, 0, 
controlindv51, 1.000000e+00, 3.990938e+00, -3.876705e-01, 0, 
controlindv52, 1.000000e+00, 4.921684e+00, -5.894331e-01, 0, 
controlindv53, 1.000000e+00, 5.126982e+00, -2.556062e-01, 0, 
controlindv54, 1.000000e+00, 5.922094e+00, -3.640471e-01, 0, 
controlindv55, 1.000000e+00, 1.471907e+00, -1.050294e-01, 0, 
controlindv56, 1.000000e+00, 3.674000e+00, -4.484453e-02, 0, 
controlindv57, 1.000000e+00, 5.542866e+00, -3.228129e-01, 0, 
controlindv58, 1.000000e+00, 4.416547e+00, -1.099908e-01, 0, 
controlindv59, 1.000000e+00, 6.140168e+00, -6.305913e-01, 0, 
controlindv60, 1.000000e+00, 1.791109e+00, -2.110162e-01, 0, 
controlindv61, 1.000000e+00, 2.674636e+00, -3.717425e-01, 0, 
controlindv62, 1.000000e+00, 1.323329e+00, -2.634563e-01, 0, 
controlindv63, 1.000000e+00, 6.449781e+00, -3.116600e-01, 0, 
controlindv64, 1.000000e+00, 1.979892e+00, -3.730568e-01, 0, 
controlindv65, 1.000000e+00, 1.016876e+01, -5.199532e-01, 0, 
controlindv66, 1.000000e+00, 8.783326e+00, -4.989318e-01, 0, 
controlindv67, 1.000000e+00, 4.730225e+00, -2.788662e-01, 0, 
controlindv68, 1.000000e+00, 5.604754e+00, -1.759628e-01, 0, 
controlindv69, 1.000000e+00, 6.802829e+00, -3.116875e-01, 0, 
controlindv70, 1.000000e+00, 5.654882e+00, -6.957085e-01, 0, 
controlindv71, 1.000000e+00, 7.801109e+00, -5.513327e-01, 0, 
controlindv72, 1.000000e+00, 5.552371e+00, -4.672393e-01, 0, 
controlindv73, 1.000000e+00, 3.450246e+00, -2.271412e-01, 0, 
controlindv74, 1.000000e+00, 7.546989e+00, -4.329659e-01, 0, 
controlindv75, 1.000000e+00, 1.091500e+00, -1.268401e-01, 0, 
controlindv76, 1.000000e+00, 2.895552e+00, -8.994901e-02, 0, 
controlindv77, 1.000000e+00, 3.783605e+00, -9.649305e-02, 0, 
controlindv78, 1.000000e+00, 4.147051e+00, -2.442817e-01, 0, 
controlindv79, 1.000000e+00, 6.867241e+00, -6.134636e-01, 0, 
controlindv80, 1.000000e+00, 6.731869e+00, -6.036531e-01, 0, 
controlindv81, 1.000000e+00, 2.753038e+00, -2.464458e-01, 0, 
controlindv82, 1.000000e+00, 9.174375e+00, -4.498211e-01, 0, 
controlindv83, 1.000000e+00, 5.581597e-01, -8.934187e-02, 0, 
controlindv84, 1.000000e+00, 2.812276e+00, -2.784108e-01, 0, 
controlindv85, 1.000000e+00, 2.839438e+00, -1.568001e-01, 0, 
controlindv86, 1.000000e+00, 7.240024e+00, -6.067972e-01, 0, 
controlindv87, 1.000000e+00, 3.704112e+00, -1.448149e-01, 0, 
controlindv88, 1.000000e+00, 6.667430e+00, -3.583802e-01, 0, 
controlindv89, 1.000000e+00, 2.450965e+00, -1.318700e-01, 0, 
controlindv90, 1.000000e+00, -6.565836e-01, -2.183599e-01, 0, 
controlindv91, 1.000000e+00, 5.555147e+00, -4.339533e-01, 0, 
controlindv92, 1.000000e+00, 2.829753e+00, -2.446590e-01, 0, 
controlindv93, 1.000000e+00, 3.188847e+00, -3.661080e-01, 0, 
controlindv94, 1.000000e+00, 7.716252e+00, -4.357931e-01, 0, 
controlindv95, 1.000000e+00, 3.183347e+00, -2.715331e-01, 0, 
controlindv96, 1.000000e+00, 2.427933e+00, -2.029266e-01, 0, 
controlindv97, 1.000000e+00, 5.128617e+00, -3.833377e-01, 0, 
controlindv98, 1.000000e+00, 4.224129e+00, -2.778129e-01, 0, 
controlindv99, 1.000000e+00, 4.787993e+00, -3.819563e-01, 0, 
controlindv100, 1.000000e+00, 6.973929e+00, -3.696313e-01, 0, 
controlindv101, 1.000000e+00, 4.154816e+00, -1.483464e-01, 0, 
controlindv102, 1.000000e+00, 6.717576e+00, -4.616331e-01, 0, 
controlindv103, 1.000000e+00, 3.746200e+00, -2.152957e-01, 0, 
controlindv104, 1.000000e+00, 3.560576e+00, -3.386751e-01, 0, 
controlindv105, 1.000000e+00, 7.377640e+00, -5.880082e-01, 0, 
controlindv106, 1.000000e+00, 6.064166e+00, -2.645764e-01, 0, 
controlindv107, 1.000000e+00, 2.704642e+00, -4.647426e-01, 0, 
controlindv108, 1.000000e+00, 2.039182e+00, -2.852128e-01, 0, 
controlindv109, 1.000000e+00, 3.797675e+00, -4.277178e-01, 0, 
controlindv110, 1.000000e+00, 4.416165e+00, -4.351936e-01, 0, 
controlindv111, 1.000000e+00, 5.172373e+00, -6.182519e-01, 0, 
controlindv112, 1.000000e+00, 3.492525e+00, -2.423546e-01, 0, 
controlindv113, 1.000000e+00, 1.190648e+01, -9.848468e-01, 0, 
controlindv114, 1.000000e+00, 2.452246e+00, -3.226298e-01, 0, 
controlindv115, 1.000000e+00, 6.304874e+00, -2.276026e-01, 0, 
controlindv116, 1.000000e+00, 4.150402e+00, -2.628649e-01, 0, 
controlindv117, 1.000000e+00, 5.275609e+00, -2.355037e-01, 0, 
controlindv118, 1.000000e+00, 6.633734e+00, -4.127655e-01, 0, 
controlindv119, 1.000000e+00, 8.521058e+00, -5.909505e-01, 0, 
controlindv120, 1.000000e+00, 5.209131e+00, -3.467887e-01, 0, 
controlindv121, 1.000000e+00, 6.718421e+00, -5.538075e-01, 0, 
controlindv122, 1.000000e+00, 4.592200e+00, -3.659802e-01, 0, 
controlindv123, 1.000000e+00, 3.815495e+00, -3.909982e-01, 0, 
controlindv124, 1.000000e+00, 2.929333e+00, -2.210640e-01, 0, 
controlindv125, 1.000000e+00, 5.924957e+00, -3.764859e-01, 0, 
controlindv126, 1.000000e+00, 4.887352e+00, -3.413612e-01, 0, 
controlindv127, 1.000000e+00, 5.176413e+00, -6.152306e-01, 0, 
controlindv128, 1.000000e+00, 6.547326e+00, -4.627776e-01, 0, 
controlindv129, 1.000000e+00, 5.217952e+00, -5.939545e-01, 0, 
controlindv130, 1.000000e+00, 3.925791e+00, -1.836548e-01, 0, 
controlindv131, 1.000000e+00, 2.920236e+00, -4.837324e-01, 0, 
controlindv132, 1.000000e+00, 6.640181e+00, -4.155264e-01, 0, 
controlindv133, 1.000000e+00, 1.763534e+00, -2.017746e-01, 0, 
controlindv134, 1.000000e+00, 7.931033e+00, -4.798324e-01, 0, 
controlindv135, 1.000000e+00, 5.040858e+00, -3.495278e-01, 0, 
controlindv136, 1.000000e+00, 5.581373e+00, -5.153173e-01, 0, 
controlindv137, 1.000000e+00, 5.211728e+00, -2.681634e-01, 0, 
controlindv138, 1.000000e+00, 6.539033e+00, -7.258983e-01, 0, 
controlindv139, 1.000000e+00, 8.937451e+00, -3.923254e-01, 0, 
controlindv140, 1.000000e+00, 2.626312e+00, -3.394219e-01, 0, 
controlindv141, 1.000000e+00, 3.471949e+00, -2.543524e-01, 0, 
controlindv142, 1.000000e+00, 4.967104e+00, -2.030397e-01, 0, 
controlindv143, 1.000000e+00, 4.541998e+00, -1.788973e-01, 0, 
controlindv144, 1.000000e+00, 5.101524e-01, -2.109562e-01, 0, 
controlindv145, 1.000000e+00, 4.859842e+00, -2.578203e-01, 0, 
controlindv146, 1.000000e+00, 4.261535e+00, -3.663453e-01, 0, 
controlindv147, 1.000000e+00, 2.105592e+00, -2.525243e-01, 0, 
controlindv148, 1.000000e+00, 7.317510e+00, -5.545358e-01, 0, 
controlindv149, 1.000000e+00, 6.676672e+00, -5.543991e-01, 0, 
controlindv150, 1.000000e+00, 4.035406e+00, -1.604092e-01, 0, 
controlindv151, 1.000000e+00, 3.581141e-01, -8.252046e-02, 0, 
controlindv152, 1.000000e+00, 5.525159e+00, -3.534354e-01, 0, 
controlindv153, 1.000000e+00, 4.343832e+00, -5.541685e-01, 0, 
controlindv154, 1.000000e+00, 2.330428e+00, -9.017511e-02, 0, 
controlindv155, 1.000000e+00, 3.511895e+00, -3.161200e-01, 0, 
controlindv156, 1.000000e+00, 1.063032e+00, -1.057615e-01, 0, 
controlindv157, 1.000000e+00, 3.904966e+00, -3.865749e-01, 0, 
controlindv158, 1.000000e+00, 8.614846e+00, -5.495379e-01, 0, 
controlindv159, 1.000000e+00, 4.142427e+00, -3.147188e-01, 0, 
controlindv160, 1.000000e+00, 6.664844e+00, -3.418374e-01, 0, 
controlindv161, 1.000000e+00, 6.378563e+00, -4.603435e-01, 0, 
controlindv162, 1.000000e+00, 8.173460e+00, -6.103232e-01, 0, 
controlindv163, 1.000000e+00, 7.725746e+00, -7.127009e-01, 0, 
controlindv164, 1.000000e+00, 4.472627e+00, -2.541943e-01, 0, 
controlindv165, 1.000000e+00, 6.574968e-01, -1.500588e-01, 0, 
controlindv166, 1.000000e+00, 3.279193e+00, -4.239924e-01, 0, 
controlindv167, 1.000000e+00, 6.996581e+00, -4.316869e-01, 0, 
controlindv168, 1.000000e+00, 3.289327e+00, -2.920656e-01, 0, 
controlindv169, 1.000000e+00, 4.678645e+00, -4.166172e-01, 0, 
controlindv170, 1.000000e+00, 6.890610e+00, -3.717719e-01, 0, 
controlindv171, 1.000000e+00, 2.666809e+00, -3.256502e-01, 0, 
controlindv172, 1.000000e+00, 4.156095e+00, -3.521235e-01, 0, 
controlindv173, 1.000000e+00, 6.255115e+00, -3.646689e-01, 0, 
controlindv174, 1.000000e+00, 9.143541e+00, -6.653115e-01, 0, 
controlindv175, 1.000000e+00, 7.910042e+00, -4.851053e-01, 0, 
controlindv176, 1.000000e+00, 3.312431e+00, -1.763025e-01, 0, 
controlindv177, 1.000000e+00, 5.535551e+00, -4.228108e-01, 0, 
controlindv178, 1.000000e+00, 7.709735e+00, -5.403316e-01, 0, 
controlindv179, 1.000000e+00, 4.313167e+00, -3.322810e-01, 0, 
controlindv180, 1.000000e+00, 2.283013e+00, -1.186280e-01, 0, 
controlindv181, 1.000000e+00, 4.204028e+00, -3.859789e-01, 0, 
controlindv182, 1.000000e+00, 2.287666e+00, -3.051111e-01, 0, 
controlindv183, 1.000000e+00, 3.527405e+00, -2.336034e-01, 0, 
controlindv184, 1.000000e+00, 3.321492e+00, -2.724299e-01, 0, 
controlindv185, 1.000000e+00, 6.979143e+00, -4.893932e-01, 0, 
controlindv186, 1.000000e+00, 5.647009e+00, -3.442080e-01, 0, 
controlindv187, 1.000000e+00, 1.278801e+00, -3.074177e-01, 0, 
controlindv188, 1.000000e+00, 1.336789e+00, -1.132108e-01, 0, 
controlindv189, 1.000000e+00, 2.320735e+00, -3.505643e-01, 0, 
controlindv190, 1.000000e+00, 6.217668e+00, -5.862601e-01, 0, 
controlindv191, 1.000000e+00, 3.463689e+00, -3.112116e-01, 0, 
controlindv192, 1.000000e+00, 7.739686e+00, -5.492494e-01, 0, 
controlindv193, 1.000000e+00, 4.791935e+00, -5.199417e-01, 0, 
controlindv194, 1.000000e+00, 4.332310e+00, -3.263335e-01, 0, 
controlindv195, 1.000000e+00, 7.788757e+00, -3.719967e-01, 0, 
controlindv196, 1.000000e+00, 2.624142e+00, -3.207290e-01, 0, 
controlindv197, 1.000000e+00, 4.466005e+00, -3.528180e-01, 0, 
controlindv198, 1.000000e+00, 3.301497e+00, -1.645562e-01, 0, 
controlindv199, 1.000000e+00, 8.767721e+00, -5.462838e-01, 0, 
caseindv0, 2.000000e+00, 4.015656e+00, -3.846807e-01, 0, 
caseindv1, 2.000000e+00, 3.830080e+00, -5.742136e-01, 0, 
caseindv2, 2.000000e+00, 1.942879e+00, -2.533309e-01, 0, 
caseindv3, 2.000000e+00, 3.506495e+00, -4.247284e-01, 0, 
caseindv4, 2.000000e+00, 4.818667e+00, -2.902240e-01, 0, 
caseindv5, 2.000000e+00, 5.803579e+00, -4.649064e-01, 0, 
caseindv6, 2.000000e+00, 2.316850e+00, -4.198913e-02, 0, 
caseindv7, 2.000000e+00, 3.100063e+00, -3.751799e-01, 0, 
caseindv8, 2.000000e+00, 3.731958e+00, -3.255939e-01, 0, 
caseindv9, 2.000000e+00, 1.634395e+00, -1.821205e-01, 0, 
caseindv10, 2.000000e+00, 5.181168e+00, -2.858703e-01, 0, 
caseindv11, 2.000000e+00, 5.865826e+00, -4.815727e-01, 0, 
caseindv12, 2.000000e+00, 7.493890e+00, -2.912962e-01, 0, 
caseindv13, 2.000000e+00, 1.898962e+00, -2.975326e-01, 0, 
caseindv14, 2.000000e+00, -8.552811e-01, 4.113558e-02, 0, 
caseindv15, 2.000000e+00, 3.924273e+00, -3.376904e-01, 0, 
caseindv16, 2.000000e+00, 6.651831e+00, -4.513759e-01, 0, 
caseindv17, 2.000000e+00, 5.880574e+00, -2.657087e-01, 0, 
caseindv18, 2.000000e+00, -6.862104e-01, -7.020896e-02, 0, 
caseindv19, 2.000000e+00, 6.294716e+00, -5.139361e-01, 0, 
caseindv20, 2.000000e+00, 1.241608e+00, -1.398030e-01, 0, 
caseindv21, 2.000000e+00, 2.151300e+00, -4.023963e-01, 0, 
caseindv22, 2.000000e+00, 3.788161e+00, -4.714623e-01, 0, 
caseindv23, 2.000000e+00, -2.644603e-01, -1.347757e-01, 0, 
caseindv24, 2.000000e+00, 3.240165e+00, -3.542356e-01, 0, 
caseindv25, 2.000000e+00, 6.160396e+00, -5.483688e-01, 0, 
caseindv26, 2.000000e+00, 6.940944e+00, -3.219202e-01, 0, 
caseindv27, 2.000000e+00, 2.680990e+00, -3.588159e-01, 0, 
caseindv28, 2.000000e+00, 9.048054e-01, -1.150945e-01, 0, 
caseindv29, 2.000000e+00, 5.367835e+00, -6.014100e-01, 0, 
caseindv30, 2.000000e+00, 4.277688e+00, -4.629376e-01, 0, 
caseindv31, 2.000000e+00, 3.830323e+00, -3.205658e-01, 0, 
caseindv32, 2.000000e+00, 3.915187e+00, -3.793187e-01, 0, 
caseindv33, 2.000000e+00, 3.249052e+00, -4.220455e-01, 0, 
caseindv34, 2.000000e+00, 6.699921e+00, -5.065705e-01, 0, 
caseindv35, 2.000000e+00, 5.454273e+00, -5.276389e-01, 0, 
caseindv36, 2.000000e+00, 6.499766e+00, -4.487996e-01, 0, 
caseindv37, 2.000000e+00, 3.973702e+00, 5.643256e-03, 0, 
caseindv38, 2.000000e+00, 6.446525e+00, -4.408516e-01, 0, 
caseindv39, 2.000000e+00, 9.953213e+00, -9.077278e-01, 0, 
caseindv40, 2.000000e+00, 4.930242e+00, -5.106731e-01, 0, 
caseindv41, 2.000000e+00, 3.124163e+00, -2.810362e-01, 0, 
caseindv42, 2.000000e+00, 3.538147e+00, -3.116951e-01, 0, 
caseindv43, 2.000000e+00, 4.005765e+00, -2.798665e-01, 0, 
caseindv44, 2.000000e+00, 5.675718e+00, -4.254383e-01, 0, 
caseindv45, 2.000000e+00, 5.868453e+00, -5.051538e-01, 0, 
caseindv46, 2.000000e+00, 3.168127e+00, -2.486766e-01, 0, 
caseindv47, 2.000000e+00, 3.196130e+00, -3.515997e-01, 0, 
caseindv48, 2.000000e+00, 4.700823e+00, -3.119384e-01, 0, 
caseindv49, 2.000000e+00, 5.520125e+00, -4.166808e-01, 0, 
caseindv50, 2.000000e+00, 3.049765e+00, -3.976870e-01, 0, 
caseindv51, 2.000000e+00, 3.990938e+00, -3.876705e-01, 0, 
caseindv52, 2.000000e+00, 4.921684e+00, -5.894331e-01, 0, 
caseindv53, 2.000000e+00, 5.126982e+00, -2.556062e-01, 0, 
caseindv54, 2.000000e+00, 5.922094e+00, -3.640471e-01, 0, 
caseindv55, 2.000000e+00, 1.471907e+00, -1.050294e-01, 0, 
caseindv56, 2.000000e+00, 3.674000e+00, -4.484453e-02, 0, 
caseindv57, 2.000000e+00, 5.542866e+00, -3.228129e-01, 0, 
caseindv58, 2.000000e+00, 4.416547e+00, -1.099908e-01, 0, 
caseindv59, 2.000000e+00, 6.140168e+00, -6.305913e-01, 0, 
caseindv60, 2.000000e+00, 1.791109e+00, -2.110162e-01, 0, 
caseindv61, 2.000000e+00, 2.674636e+00, -3.717425e-01, 0, 
caseindv62, 2.000000e+00, 1.323329e+00, -2.634563e-01, 0, 
caseindv63, 2.000000e+00, 6.449781e+00, -3.116600e-01, 0, 
caseindv64, 2.000000e+00, 1.979892e+00, -3.730568e-01, 0, 
caseindv65, 2.000000e+00, 1.016876e+01, -5.199532e-01, 0, 
caseindv66, 2.000000e+00, 8.783326e+00, -4.989318e-01, 0, 
caseindv67, 2.000000e+00, 4.730225e+00, -2.788662e-01, 0, 
caseindv68, 2.000000e+00, 5.604754e+00, -1.759628e-01, 0, 
caseindv69, 2.000000e+00, 6.802829e+00, -3.116875e-01, 0, 
caseindv70, 2.000000e+00, 5.654882e+00, -6.957085e-01, 0, 
caseindv71, 2.000000e+00, 7.801109e+00, -5.513327e-01, 0, 
caseindv72, 2.000000e+00, 5.552371e+00, -4.672393e-01, 0, 
caseindv73, 2.000000e+00, 3.450246e+00, -2.271412e-01, 0, 
caseindv74, 2.000000e+00, 7.546989e+00, -4.329659e-01, 0, 
caseindv75, 2.000000e+00, 1.091500e+00, -1.268401e-01, 0, 
caseindv76, 2.000000e+00, 2.895552e+00, -8.994901e-02, 0, 
caseindv77, 2.000000e+00, 3.783605e+00, -9.649305e-02, 0, 
caseindv78, 2.000000e+00, 4.147051e+00, -2.442817e-01, 0, 
caseindv79, 2.000000e+00, 6.867241e+00, -6.134636e-01, 0, 
caseindv80, 2.000000e+00, 6.731869e+00, -6.036531e-01, 0, 
caseindv81, 2.000000e+00, 2.753038e+00, -2.464458e-01, 0, 
caseindv82, 2.000000e+00, 9.174375e+00, -4.498211e-01, 0, 
caseindv83, 2.000000e+00, 5.581597e-01, -8.934187e-02, 0, 
caseindv84, 2.000000e+00, 2.812276e+00, -2.784108e-01, 0, 
caseindv85, 2.000000e+00, 2.839438e+00, -1.568001e-01, 0, 
caseindv86, 2.000000e+00, 7.240024e+00, -6.067972e-01, 0, 
caseindv87, 2.000000e+00, 3.704112e+00, -1.448149e-01, 0, 
caseindv88, 2.000000e+00, 6.667430e+00, -3.583802e-01, 0, 
caseindv89, 2.000000e+00, 2.450965e+00, -1.318700e-01, 0, 
caseindv90, 2.000000e+00, -6.565836e-01, -2.183599e-01, 0, 
caseindv91, 2.000000e+00, 5.555147e+00, -4.339533e-01, 0, 
caseindv92, 2.000000e+00, 2.829753e+00, -2.446590e-01, 0, 
caseindv93, 2.000000e+00, 3.188847e+00, -3.661080e-01, 0, 
caseindv94, 2.000000e+00, 7.716252e+00, -4.357931e-01, 0, 
caseindv95, 2.000000e+00, 3.183347e+00, -2.715331e-01, 0, 
caseindv96, 2.000000e+00, 2.427933e+00, -2.029266e-01, 0, 
caseindv97, 2.000000e+00, 5.128617e+00, -3.833377e-01, 0, 
caseindv98, 2.000000e+00, 4.224129e+00, -2.778129e-01, 0, 
caseindv99, 2.000000e+00, 4.787993e+00, -3.819563e-01, 0, 
caseindv100, 2.000000e+00, 6.973929e+00, -3.696313e-01, 0, 
caseindv101, 2.000000e+00, 4.154816e+00, -1.483464e-01, 0, 
caseindv102, 2.000000e+00, 6.717576e+00, -4.616331e-01, 0, 
caseindv103, 2.000000e+00, 3.746200e+00, -2.152957e-01, 0, 
caseindv104, 2.000000e+00, 3.560576e+00, -3.386751e-01, 0, 
caseindv105, 2.000000e+00, 7.377640e+00, -5.880082e-01, 0, 
caseindv106, 2.000000e+00, 6.064166e+00, -2.645764e-01, 0, 
caseindv107, 2.000000e+00, 2.704642e+00, -4.647426e-01, 0, 
caseindv108, 2.000000e+00, 2.039182e+00, -2.852128e-01, 0, 
caseindv109, 2.000000e+00, 3.797675e+00, -4.277178e-01, 0, 
caseindv110, 2.000000e+00, 4.416165e+00, -4.351936e-01, 0, 
caseindv111, 2.000000e+00, 5.172373e+00, -6.182519e-01, 0, 
caseindv112, 2.000000e+00, 3.492525e+00, -2.423546e-01, 0, 
caseindv113, 2.000000e+00, 1.190648e+01, -9.848468e-01, 0, 
caseindv114, 2.000000e+00, 2.452246e+00, -3.226298e-01, 0, 
caseindv115, 2.000000e+00, 6.304874e+00, -2.276026e-01, 0, 
caseindv116, 2.000000e+00, 4.150402e+00, -2.628649e-01, 0, 
caseindv117, 2.000000e+00, 5.275609e+00, -2.355037e-01, 0, 
caseindv118, 2.000000e+00, 6.633734e+00, -4.127655e-01, 0, 
caseindv119, 2.000000e+00, 8.521058e+00, -5.909505e-01, 0, 
caseindv120, 2.000000e+00, 5.209131e+00, -3.467887e-01, 0, 
caseindv121, 2.000000e+00, 6.718421e+00, -5.538075e-01, 0, 
caseindv122, 2.000000e+00, 4.592200e+00, -3.659802e-01, 0, 
caseindv123, 2.000000e+00, 3.815495e+00, -3.909982e-01, 0, 
caseindv124, 2.000000e+00, 2.929333e+00, -2.210640e-01, 0, 
caseindv125, 2.000000e+00, 5.924957e+00, -3.764859e-01, 0, 
caseindv126, 2.000000e+00, 4.887352e+00, -3.413612e-01, 0, 
caseindv127, 2.000000e+00, 5.176413e+00, -6.152306e-01, 0, 
caseindv128, 2.000000e+00, 6.547326e+00, -4.627776e-01, 0, 
caseindv129, 2.000000e+00, 5.217952e+00, -5.939545e-01, 0, 
caseindv130, 2.000000e+00, 3.925791e+00, -1.836548e-01, 0, 
caseindv131, 2.000000e+00, 2.920236e+00, -4.837324e-01, 0, 
caseindv132, 2.000000e+00, 6.640181e+00, -4.155264e-01, 0, 
caseindv133, 2.000000e+00, 1.763534e+00, -2.017746e-01, 0, 
caseindv134, 2.000000e+00, 7.931033e+00, -4.798324e-01, 0, 
caseindv135, 2.000000e+00, 5.040858e+00, -3.495278e-01, 0, 
caseindv136, 2.000000e+00, 5.581373e+00, -5.153173e-01, 0, 
caseindv137, 2.000000e+00, 5.211728e+00, -2.681634e-01, 0, 
caseindv138, 2.000000e+00, 6.539033e+00, -7.258983e-01, 0, 
caseindv139, 2.000000e+00, 8.937451e+00, -3.923254e-01, 0, 
caseindv140, 2.000000e+00, 2.626312e+00, -3.394219e-01, 0, 
caseindv141, 2.000000e+00, 3.471949e+00, -2.543524e-01, 0, 
caseindv142, 2.000000e+00, 4.967104e+00, -2.030397e-01, 0, 
caseindv143, 2.000000e+00, 4.541998e+00, -1.788973e-01, 0, 
caseindv144, 2.000000e+00, 5.101524e-01, -2.109562e-01, 0, 
caseindv145, 2.000000e+00, 4.859842e+00, -2.578203e-01, 0, 
caseindv146, 2.000000e+00, 4.261535e+00, -3.663453e-01, 0, 
caseindv147, 2.000000e+00, 2.105592e+00, -2.525243e-01, 0, 
caseindv148, 2.000000e+00, 7.317510e+00, -5.545358e-01, 0, 
caseindv149, 2.000000e+00, 6.676672e+00, -5.543991e-01, 0, 
caseindv150, 2.000000e+00, 4.035406e+00, -1.604092e-01, 0, 
caseindv151, 2.000000e+00, 3.581141e-01, -8.252046e-02, 0, 
caseindv152, 2.000000e+00, 5.525159e+00, -3.534354e-01, 0, 
caseindv153, 2.000000e+00, 4.343832e+00, -5.541685e-01, 0, 
caseindv154, 2.000000e+00, 2.330428e+00, -9.017511e-02, 0, 
caseindv155, 2.000000e+00, 3.511895e+00, -3.161200e-01, 0, 
caseindv156, 2.000000e+00, 1.063032e+00, -1.057615e-01, 0, 
caseindv157, 2.000000e+00, 3.904966e+00, -3.865749e-01, 0, 
caseindv158, 2.000000e+00, 8.614846e+00, -5.495379e-01, 0, 
caseindv159, 2.000000e+00, 4.142427e+00, -3.147188e-01, 0, 
caseindv160, 2.000000e+00, 6.664844e+00, -3.418374e-01, 0, 
caseindv161, 2.000000e+00, 6.378563e+00, -4.603435e-01, 0, 
caseindv162, 2.000000e+00, 8.173460e+00, -6.103232e-01, 0, 
caseindv163, 2.000000e+00, 7.725746e+00, -7.127009e-01, 0, 
caseindv164, 2.000000e+00, 4.472627e+00, -2.541943e-01, 0, 
caseindv165, 2.000000e+00, 6.574968e-01, -1.500588e-01, 0, 
caseindv166, 2.000000e+00, 3.279193e+00, -4.239924e-01, 0, 
caseindv167, 2.000000e+00, 6.996581e+00, -4.316869e-01, 0, 
caseindv168, 2.000000e+00, 3.289327e+00, -2.920656e-01, 0, 
caseindv169, 2.000000e+00, 4.678645e+00, -4.166172e-01, 0, 
caseindv170, 2.000000e+00, 6.890610e+00, -3.717719e-01, 0, 
caseindv171, 2.000000e+00, 2.666809e+00, -3.256502e-01, 0, 
caseindv172, 2.000000e+00, 4.156095e+00, -3.521235e-01, 0, 
caseindv173, 2.000000e+00, 6.255115e+00, -3.646689e-01, 0, 
caseindv174, 2.000000e+00, 9.143541e+00, -6.653115e-01, 0, 
caseindv175, 2.000000e+00, 7.910042e+00, -4.851053e-01, 0, 
caseindv176, 2.000000e+00, 3.312431e+00, -1.763025e-01, 0, 
caseindv177, 2.000000e+00, 5.535551e+00, -4.228108e-01, 0, 
caseindv178, 2.000000e+00, 7.709735e+00, -5.403316e-01, 0, 
caseindv179, 2.000000e+00, 4.313167e+00, -3.322810e-01, 0, 
caseindv180, 2.000000e+00, 2.283013e+00, -1.186280e-01, 0, 
caseindv181, 2.000000e+00, 4.204028e+00, -3.859789e-01, 0, 
caseindv182, 2.000000e+00, 2.287666e+00, -3.051111e-01, 0, 
caseindv183, 2.000000e+00, 3.527405e+00, -2.336034e-01, 0, 
caseindv184, 2.000000e+00, 3.321492e+00, -2.724299e-01, 0, 
caseindv185, 2.000000e+00, 6.979143e+00, -4.893932e-01, 0, 
caseindv186, 2.000000e+00, 5.647009e+00, -3.442080e-01, 0, 
caseindv187, 2.000000e+00, 1.278801e+00, -3.074177e-01, 0, 
caseindv188, 2.000000e+00, 1.336789e+00, -1.132108e-01, 0, 
caseindv189, 2.000000e+00, 2.320735e+00, -3.505643e-01, 0, 
caseindv190, 2.000000e+00, 6.217668e+00, -5.862601e-01, 0, 
caseindv191, 2.000000e+00, 3.463689e+00, -3.112116e-01, 0, 
caseindv192, 2.000000e+00, 7.739686e+00, -5.492494e-01, 0, 
caseindv193, 2.000000e+00, 4.791935e+00, -5.199417e-01, 0, 
caseindv194, 2.000000e+00, 4.332310e+00, -3.263335e-01, 0, 
caseindv195, 2.000000e+00, 7.788757e+00, -3.719967e-01, 0, 
caseindv196, 2.000000e+00, 2.624142e+00, -3.207290e-01, 0, 
caseindv197, 2.000000e+00, 4.466005e+00, -3.528180e-01, 0, 
caseindv198, 2.000000e+00, 3.301497e+00, -1.645562e-01, 0, 
caseindv199, 2.000000e+00, 8.767721e+00, -5.462838e-01, 0, 
