IID RAW_PRS PRS PHENO
controlindv0 0.4818551 -0.47080788 1
controlindv1 -8.023297 -0.2626837 1
controlindv2 -8.176937 -0.3269768 1
controlindv3 -5.637796 -0.24381 1
controlindv4 -4.8274954 -0.0906501 1
controlindv5 -0.820040000000001 -0.53034289 1
controlindv6 -5.0745175 -0.1078965 1
controlindv7 -8.531377 -0.1196269 1
controlindv8 -4.2408638 -0.0716099 1
controlindv9 -12.357252 0.00363146000000002 1
controlindv10 2.353723 -0.5445028 1
controlindv11 -2.8816734 -0.4578282 1
controlindv12 0.550121000000001 -0.4545431 1
controlindv13 -5.3236942 -0.3838803 1
controlindv14 -12.8970331 0.24797267 1
controlindv15 -0.8370086 -0.46071306 1
controlindv16 -0.312448000000001 -0.411495 1
controlindv17 -6.051764 -0.282899 1
controlindv18 -12.015932 0.00275583 1
controlindv19 0.67628996 -0.42296382 1
controlindv20 -7.384585 0.0261965 1
controlindv21 -5.0598614 -0.2656957 1
controlindv22 -2.727799 -0.4886643 1
controlindv23 -7.8806889 -0.29431792 1
controlindv24 -5.3538006 -0.24235 1
controlindv25 1.6090009 -0.5931713 1
controlindv26 -1.584953 -0.270642371 1
controlindv27 -2.093926 -0.58214369 1
controlindv28 -5.3420816 -0.34704933 1
controlindv29 -3.538592 -0.3252775 1
controlindv30 1.864958 -0.6708159 1
controlindv31 -5.115101 -0.1579454 1
controlindv32 -2.997247 -0.26211776 1
controlindv33 -1.35275 -0.48025536 1
controlindv34 -0.6488 -0.4494916 1
controlindv35 -3.331161 -0.25574836 1
controlindv36 -2.808779 -0.2636354 1
controlindv37 -3.210239 -0.09557514 1
controlindv38 2.57818 -0.45406002 1
controlindv39 2.43222743 -0.7714398 1
controlindv40 -0.208641 -0.5668466 1
controlindv41 0.3405703 -0.2531864 1
controlindv42 -8.691364 -0.17130597 1
controlindv43 -3.732135 -0.4129878 1
controlindv44 -0.0796030000000005 -0.3943809 1
controlindv45 -2.936553 -0.5083906 1
controlindv46 1.557572 -0.491900642 1
controlindv47 -3.616255 -0.4295579 1
controlindv48 -2.5994451 -0.4360209 1
controlindv49 -0.870420000000001 -0.3052139 1
controlindv50 -6.081939 -0.3204965 1
controlindv51 -0.571241000000001 -0.6235498 1
controlindv52 3.211909 -0.8575549 1
controlindv53 2.69685671 -0.5344013 1
controlindv54 0.816567 -0.4327022 1
controlindv55 -6.53194077 -0.08791542 1
controlindv56 0.750671 -0.231147441 1
controlindv57 -0.560386 -0.19191228 1
controlindv58 2.21485 -0.402327517 1
controlindv59 1.678417 -0.7462589 1
controlindv60 -7.660395 -0.24535791 1
controlindv61 -5.5521679 -0.62335639 1
controlindv62 -5.948741 -0.44596755 1
controlindv63 -1.757022 -0.1931348 1
controlindv64 -9.6691757 -0.2262922 1
controlindv65 3.628246 -0.4511428 1
controlindv66 4.966707 -0.465562 1
controlindv67 0.00640000000000018 -0.5842793 1
controlindv68 0.366766899999999 -0.15798271 1
controlindv69 -1.3557392 -0.032281 1
controlindv70 -1.397787 -0.552787412 1
controlindv71 -3.273673 -0.2144017 1
controlindv72 2.141095 -0.612803631 1
controlindv73 -5.95592532 -0.2916495 1
controlindv74 0.44365 -0.304376 1
controlindv75 -5.437134 -0.11945819 1
controlindv76 -5.977385 -0.113492724 1
controlindv77 0.266094 -0.451222674 1
controlindv78 2.559829 -0.61215581 1
controlindv79 1.001324 -0.5405094 1
controlindv80 -1.038117 -0.42050886 1
controlindv81 3.273982 -0.6762913 1
controlindv82 4.677036 -0.4444829 1
controlindv83 -10.180553 0.05484254 1
controlindv84 -1.06983964 -0.43318905 1
controlindv85 -4.562372 -0.22527351 1
controlindv86 -2.262156 -0.39210295 1
controlindv87 -3.971587 -0.54246748 1
controlindv88 5.910607 -0.51559063 1
controlindv89 -3.299311 0.02143201 1
controlindv90 -8.9502893 -0.2287372 1
controlindv91 0.4790771 -0.384099 1
controlindv92 -9.482189 0.02366594 1
controlindv93 -2.3818188 -0.1712479 1
controlindv94 0.8523646 -0.55196337 1
controlindv95 -3.6766957 -0.4160675 1
controlindv96 -5.70562115 -0.4229076 1
controlindv97 -2.896863 -0.0824681 1
controlindv98 1.845435 -0.6299618 1
controlindv99 -1.471089 -0.5089003 1
controlindv100 3.3950973 -0.51661038 1
controlindv101 -5.3976169 -0.05078718 1
controlindv102 0.878074100000001 -0.241024 1
controlindv103 -6.7280354 -0.16681956 1
controlindv104 -6.340697 -0.418477 1
controlindv105 6.501106 -0.92891765 1
controlindv106 3.3558143 -0.7932802 1
controlindv107 -6.503681 -0.3335026 1
controlindv108 -3.027623 -0.36565327 1
controlindv109 -3.4432329 -0.2285487 1
controlindv110 -5.080261 -0.225712 1
controlindv111 2.391288 -0.77320024 1
controlindv112 2.136008 -0.57564413 1
controlindv113 6.014309 -0.77413771 1
controlindv114 -2.711908 -0.4048896 1
controlindv115 3.485873 -0.14981516 1
controlindv116 -5.2425869 -0.1902969 1
controlindv117 4.039285 -0.6221252 1
controlindv118 0.0396115999999989 -0.5209294 1
controlindv119 0.93407 -0.514021201 1
controlindv120 -2.221526 -0.34036128 1
controlindv121 2.631877 -0.64247399 1
controlindv122 1.1775779 -0.569607111 1
controlindv123 -0.4824443 -0.433031 1
controlindv124 -3.278832 -0.4354364 1
controlindv125 0.476724 -0.4152271 1
controlindv126 -1.331166 -0.40821109 1
controlindv127 -5.909767 -0.4505886 1
controlindv128 2.406417 -0.4016859 1
controlindv129 2.740721 -0.71732885 1
controlindv130 -3.19093653 -0.11363885 1
controlindv131 1.3489822 -0.69744525 1
controlindv132 -1.199388 -0.3044637 1
controlindv133 -0.505983000000001 -0.51373854 1
controlindv134 -2.546537 -0.2889187 1
controlindv135 0.9849642 -0.30452517 1
controlindv136 0.2803774 -0.50732331 1
controlindv137 -0.126595 -0.4358497 1
controlindv138 -0.1177267 -0.72945747 1
controlindv139 2.48714685 -0.1573233 1
controlindv140 -8.3499088 -0.1560961 1
controlindv141 -3.5762431 -0.244972 1
controlindv142 -2.443041 -0.11368607 1
controlindv143 1.9307194 -0.23440423 1
controlindv144 -7.3283976 -0.17226422 1
controlindv145 -4.5251769 -0.1762749 1
controlindv146 1.1666268 -0.34631171 1
controlindv147 -3.0902562 -0.40930991 1
controlindv148 1.5512898 -0.3948627 1
controlindv149 0.0319349999999989 -0.3103361 1
controlindv150 -3.795996 -0.11318559 1
controlindv151 -4.7033214 -0.2269444 1
controlindv152 5.956885 -0.583255902 1
controlindv153 4.368128 -0.81528383 1
controlindv154 -6.436527 -0.269426447 1
controlindv155 -3.0564168 -0.1216603 1
controlindv156 -4.2623501 -0.319419901 1
controlindv157 0.459227 -0.58688167 1
controlindv158 4.258003 -0.74978804 1
controlindv159 -1.987327 -0.2950636 1
controlindv160 2.84594 -0.554357761 1
controlindv161 -4.2121696 -0.0595476 1
controlindv162 0.099886699999999 -0.60909272 1
controlindv163 3.3207874 -0.81120156 1
controlindv164 -0.710327 -0.49760537 1
controlindv165 0.9149998 -0.75912212 1
controlindv166 -5.0096172 -0.3928525 1
controlindv167 3.3653717 -0.6592377 1
controlindv168 0.635678 -0.47234517 1
controlindv169 0.791945000000001 -0.55264898 1
controlindv170 4.064206 -0.49005523 1
controlindv171 -4.158206 -0.4311994 1
controlindv172 -3.54752 -0.40427148 1
controlindv173 -0.466068999999999 -0.4698497 1
controlindv174 2.826806 -0.56744951 1
controlindv175 2.4655832 -0.40278356 1
controlindv176 -9.510275 0.04985744 1
controlindv177 1.244603 -0.63882438 1
controlindv178 4.493118 -0.63091114 1
controlindv179 -3.077358 -0.46686057 1
controlindv180 -1.997687 -0.3957862 1
controlindv181 0.220389 -0.6042545 1
controlindv182 -3.179149 -0.35765717 1
controlindv183 -6.941632 -0.21297304 1
controlindv184 -3.637233 -0.2504354 1
controlindv185 5.640418 -0.72888579 1
controlindv186 1.36535 -0.21163129 1
controlindv187 -3.3300108 -0.3021366 1
controlindv188 -7.50428 0.08147527 1
controlindv189 -2.3901155 -0.5572459 1
controlindv190 1.606297 -0.5228565 1
controlindv191 -2.69905 -0.52623178 1
controlindv192 1.378876 -0.52425652 1
controlindv193 -0.407642800000001 -0.56919526 1
controlindv194 0.468847 -0.6002246 1
controlindv195 2.705737 -0.2124617 1
controlindv196 -6.71445964 -0.4002165 1
controlindv197 0.0851894999999994 -0.26592553 1
controlindv198 -1.745777 -0.42178751 1
controlindv199 1.305739 -0.558562 1
caseindv0 0.4818551 -0.47080788 2
caseindv1 -8.023297 -0.2626837 2
caseindv2 -8.176937 -0.3269768 2
caseindv3 -5.637796 -0.24381 2
caseindv4 -4.8274954 -0.0906501 2
caseindv5 -0.820040000000001 -0.53034289 2
caseindv6 -5.0745175 -0.1078965 2
caseindv7 -8.531377 -0.1196269 2
caseindv8 -4.2408638 -0.0716099 2
caseindv9 -12.357252 0.00363146000000002 2
caseindv10 2.353723 -0.5445028 2
caseindv11 -2.8816734 -0.4578282 2
caseindv12 0.550121000000001 -0.4545431 2
caseindv13 -5.3236942 -0.3838803 2
caseindv14 -12.8970331 0.24797267 2
caseindv15 -0.8370086 -0.46071306 2
caseindv16 -0.312448000000001 -0.411495 2
caseindv17 -6.051764 -0.282899 2
caseindv18 -12.015932 0.00275583 2
caseindv19 0.67628996 -0.42296382 2
caseindv20 -7.384585 0.0261965 2
caseindv21 -5.0598614 -0.2656957 2
caseindv22 -2.727799 -0.4886643 2
caseindv23 -7.8806889 -0.29431792 2
caseindv24 -5.3538006 -0.24235 2
caseindv25 1.6090009 -0.5931713 2
caseindv26 -1.584953 -0.270642371 2
caseindv27 -2.093926 -0.58214369 2
caseindv28 -5.3420816 -0.34704933 2
caseindv29 -3.538592 -0.3252775 2
caseindv30 1.864958 -0.6708159 2
caseindv31 -5.115101 -0.1579454 2
caseindv32 -2.997247 -0.26211776 2
caseindv33 -1.35275 -0.48025536 2
caseindv34 -0.6488 -0.4494916 2
caseindv35 -3.331161 -0.25574836 2
caseindv36 -2.808779 -0.2636354 2
caseindv37 -3.210239 -0.09557514 2
caseindv38 2.57818 -0.45406002 2
caseindv39 2.43222743 -0.7714398 2
caseindv40 -0.208641 -0.5668466 2
caseindv41 0.3405703 -0.2531864 2
caseindv42 -8.691364 -0.17130597 2
caseindv43 -3.732135 -0.4129878 2
caseindv44 -0.0796030000000005 -0.3943809 2
caseindv45 -2.936553 -0.5083906 2
caseindv46 1.557572 -0.491900642 2
caseindv47 -3.616255 -0.4295579 2
caseindv48 -2.5994451 -0.4360209 2
caseindv49 -0.870420000000001 -0.3052139 2
caseindv50 -6.081939 -0.3204965 2
caseindv51 -0.571241000000001 -0.6235498 2
caseindv52 3.211909 -0.8575549 2
caseindv53 2.69685671 -0.5344013 2
caseindv54 0.816567 -0.4327022 2
caseindv55 -6.53194077 -0.08791542 2
caseindv56 0.750671 -0.231147441 2
caseindv57 -0.560386 -0.19191228 2
caseindv58 2.21485 -0.402327517 2
caseindv59 1.678417 -0.7462589 2
caseindv60 -7.660395 -0.24535791 2
caseindv61 -5.5521679 -0.62335639 2
caseindv62 -5.948741 -0.44596755 2
caseindv63 -1.757022 -0.1931348 2
caseindv64 -9.6691757 -0.2262922 2
caseindv65 3.628246 -0.4511428 2
caseindv66 4.966707 -0.465562 2
caseindv67 0.00640000000000018 -0.5842793 2
caseindv68 0.366766899999999 -0.15798271 2
caseindv69 -1.3557392 -0.032281 2
caseindv70 -1.397787 -0.552787412 2
caseindv71 -3.273673 -0.2144017 2
caseindv72 2.141095 -0.612803631 2
caseindv73 -5.95592532 -0.2916495 2
caseindv74 0.44365 -0.304376 2
caseindv75 -5.437134 -0.11945819 2
caseindv76 -5.977385 -0.113492724 2
caseindv77 0.266094 -0.451222674 2
caseindv78 2.559829 -0.61215581 2
caseindv79 1.001324 -0.5405094 2
caseindv80 -1.038117 -0.42050886 2
caseindv81 3.273982 -0.6762913 2
caseindv82 4.677036 -0.4444829 2
caseindv83 -10.180553 0.05484254 2
caseindv84 -1.06983964 -0.43318905 2
caseindv85 -4.562372 -0.22527351 2
caseindv86 -2.262156 -0.39210295 2
caseindv87 -3.971587 -0.54246748 2
caseindv88 5.910607 -0.51559063 2
caseindv89 -3.299311 0.02143201 2
caseindv90 -8.9502893 -0.2287372 2
caseindv91 0.4790771 -0.384099 2
caseindv92 -9.482189 0.02366594 2
caseindv93 -2.3818188 -0.1712479 2
caseindv94 0.8523646 -0.55196337 2
caseindv95 -3.6766957 -0.4160675 2
caseindv96 -5.70562115 -0.4229076 2
caseindv97 -2.896863 -0.0824681 2
caseindv98 1.845435 -0.6299618 2
caseindv99 -1.471089 -0.5089003 2
caseindv100 3.3950973 -0.51661038 2
caseindv101 -5.3976169 -0.05078718 2
caseindv102 0.878074100000001 -0.241024 2
caseindv103 -6.7280354 -0.16681956 2
caseindv104 -6.340697 -0.418477 2
caseindv105 6.501106 -0.92891765 2
caseindv106 3.3558143 -0.7932802 2
caseindv107 -6.503681 -0.3335026 2
caseindv108 -3.027623 -0.36565327 2
caseindv109 -3.4432329 -0.2285487 2
caseindv110 -5.080261 -0.225712 2
caseindv111 2.391288 -0.77320024 2
caseindv112 2.136008 -0.57564413 2
caseindv113 6.014309 -0.77413771 2
caseindv114 -2.711908 -0.4048896 2
caseindv115 3.485873 -0.14981516 2
caseindv116 -5.2425869 -0.1902969 2
caseindv117 4.039285 -0.6221252 2
caseindv118 0.0396115999999989 -0.5209294 2
caseindv119 0.93407 -0.514021201 2
caseindv120 -2.221526 -0.34036128 2
caseindv121 2.631877 -0.64247399 2
caseindv122 1.1775779 -0.569607111 2
caseindv123 -0.4824443 -0.433031 2
caseindv124 -3.278832 -0.4354364 2
caseindv125 0.476724 -0.4152271 2
caseindv126 -1.331166 -0.40821109 2
caseindv127 -5.909767 -0.4505886 2
caseindv128 2.406417 -0.4016859 2
caseindv129 2.740721 -0.71732885 2
caseindv130 -3.19093653 -0.11363885 2
caseindv131 1.3489822 -0.69744525 2
caseindv132 -1.199388 -0.3044637 2
caseindv133 -0.505983000000001 -0.51373854 2
caseindv134 -2.546537 -0.2889187 2
caseindv135 0.9849642 -0.30452517 2
caseindv136 0.2803774 -0.50732331 2
caseindv137 -0.126595 -0.4358497 2
caseindv138 -0.1177267 -0.72945747 2
caseindv139 2.48714685 -0.1573233 2
caseindv140 -8.3499088 -0.1560961 2
caseindv141 -3.5762431 -0.244972 2
caseindv142 -2.443041 -0.11368607 2
caseindv143 1.9307194 -0.23440423 2
caseindv144 -7.3283976 -0.17226422 2
caseindv145 -4.5251769 -0.1762749 2
caseindv146 1.1666268 -0.34631171 2
caseindv147 -3.0902562 -0.40930991 2
caseindv148 1.5512898 -0.3948627 2
caseindv149 0.0319349999999989 -0.3103361 2
caseindv150 -3.795996 -0.11318559 2
caseindv151 -4.7033214 -0.2269444 2
caseindv152 5.956885 -0.583255902 2
caseindv153 4.368128 -0.81528383 2
caseindv154 -6.436527 -0.269426447 2
caseindv155 -3.0564168 -0.1216603 2
caseindv156 -4.2623501 -0.319419901 2
caseindv157 0.459227 -0.58688167 2
caseindv158 4.258003 -0.74978804 2
caseindv159 -1.987327 -0.2950636 2
caseindv160 2.84594 -0.554357761 2
caseindv161 -4.2121696 -0.0595476 2
caseindv162 0.099886699999999 -0.60909272 2
caseindv163 3.3207874 -0.81120156 2
caseindv164 -0.710327 -0.49760537 2
caseindv165 0.9149998 -0.75912212 2
caseindv166 -5.0096172 -0.3928525 2
caseindv167 3.3653717 -0.6592377 2
caseindv168 0.635678 -0.47234517 2
caseindv169 0.791945000000001 -0.55264898 2
caseindv170 4.064206 -0.49005523 2
caseindv171 -4.158206 -0.4311994 2
caseindv172 -3.54752 -0.40427148 2
caseindv173 -0.466068999999999 -0.4698497 2
caseindv174 2.826806 -0.56744951 2
caseindv175 2.4655832 -0.40278356 2
caseindv176 -9.510275 0.04985744 2
caseindv177 1.244603 -0.63882438 2
caseindv178 4.493118 -0.63091114 2
caseindv179 -3.077358 -0.46686057 2
caseindv180 -1.997687 -0.3957862 2
caseindv181 0.220389 -0.6042545 2
caseindv182 -3.179149 -0.35765717 2
caseindv183 -6.941632 -0.21297304 2
caseindv184 -3.637233 -0.2504354 2
caseindv185 5.640418 -0.72888579 2
caseindv186 1.36535 -0.21163129 2
caseindv187 -3.3300108 -0.3021366 2
caseindv188 -7.50428 0.08147527 2
caseindv189 -2.3901155 -0.5572459 2
caseindv190 1.606297 -0.5228565 2
caseindv191 -2.69905 -0.52623178 2
caseindv192 1.378876 -0.52425652 2
caseindv193 -0.407642800000001 -0.56919526 2
caseindv194 0.468847 -0.6002246 2
caseindv195 2.705737 -0.2124617 2
caseindv196 -6.71445964 -0.4002165 2
caseindv197 0.0851894999999994 -0.26592553 2
caseindv198 -1.745777 -0.42178751 2
caseindv199 1.305739 -0.558562 2
