IID RAW_PRS PRS PHENO
controlindv0 0.4818551 -0.4770248 1
controlindv1 -8.023297 -0.0287132600000001 1
controlindv2 -8.176937 -0.2987558 1
controlindv3 -5.637796 -0.2639899 1
controlindv4 -4.8274954 0.0688217 1
controlindv5 -0.820040000000001 -0.3990577 1
controlindv6 -5.0745175 0.0965031 1
controlindv7 -8.531377 0.24529754 1
controlindv8 -4.2408638 -0.01181328 1
controlindv9 -12.357252 0.4662446 1
controlindv10 2.353723 -0.3703903 1
controlindv11 -2.8816734 -0.2817011 1
controlindv12 0.550121000000001 -0.5946026 1
controlindv13 -5.3236942 -0.3252935 1
controlindv14 -12.8970331 0.57534201 1
controlindv15 -0.8370086 -0.8039384 1
controlindv16 -0.312448000000001 -0.2652441 1
controlindv17 -6.051764 0.1176158 1
controlindv18 -12.015932 0.32208334 1
controlindv19 0.67628996 -0.5498705 1
controlindv20 -7.384585 0.07204491 1
controlindv21 -5.0598614 -0.3587867 1
controlindv22 -2.727799 -0.4799494 1
controlindv23 -7.8806889 -0.05600601 1
controlindv24 -5.3538006 -0.1297479 1
controlindv25 1.6090009 -0.8508571 1
controlindv26 -1.584953 -0.33838445 1
controlindv27 -2.093926 -0.4662075 1
controlindv28 -5.3420816 -0.432867 1
controlindv29 -3.538592 -0.2437551 1
controlindv30 1.864958 -0.9654935 1
controlindv31 -5.115101 0.0418072 1
controlindv32 -2.997247 -0.42276003 1
controlindv33 -1.35275 -0.4257244 1
controlindv34 -0.6488 -0.41767415 1
controlindv35 -3.331161 -0.27667549 1
controlindv36 -2.808779 -0.13297374 1
controlindv37 -3.210239 0.1157759 1
controlindv38 2.57818 -0.525606 1
controlindv39 2.43222743 -0.8454705 1
controlindv40 -0.208641 -0.6799681 1
controlindv41 0.3405703 -0.4378516 1
controlindv42 -8.691364 0.3396514 1
controlindv43 -3.732135 -0.4373682 1
controlindv44 -0.0796030000000005 -0.4577368 1
controlindv45 -2.936553 -0.4442406 1
controlindv46 1.557572 -0.6575519 1
controlindv47 -3.616255 -0.3872097 1
controlindv48 -2.5994451 -0.7006503 1
controlindv49 -0.870420000000001 -0.1796325 1
controlindv50 -6.081939 -0.0924957 1
controlindv51 -0.571241000000001 -0.8502944 1
controlindv52 3.211909 -1.0240086 1
controlindv53 2.69685671 -0.76811419 1
controlindv54 0.816567 -0.4708135 1
controlindv55 -6.53194077 0.1207551 1
controlindv56 0.750671 -0.3688322 1
controlindv57 -0.560386 -0.200233031 1
controlindv58 2.21485 -0.4537739 1
controlindv59 1.678417 -0.893225 1
controlindv60 -7.660395 -0.1539524 1
controlindv61 -5.5521679 -0.6007906 1
controlindv62 -5.948741 -0.4455363 1
controlindv63 -1.757022 0.06666318 1
controlindv64 -9.6691757 -0.00133809999999995 1
controlindv65 3.628246 -0.4999565 1
controlindv66 4.966707 -0.4789205 1
controlindv67 0.00640000000000018 -0.60664134 1
controlindv68 0.366766899999999 -0.10351929 1
controlindv69 -1.3557392 0.075516457 1
controlindv70 -1.397787 -0.40962357 1
controlindv71 -3.273673 0.0190342 1
controlindv72 2.141095 -0.7565231 1
controlindv73 -5.95592532 0.000214300000000001 1
controlindv74 0.44365 -0.27441422 1
controlindv75 -5.437134 0.1193505 1
controlindv76 -5.977385 -0.14491509 1
controlindv77 0.266094 -0.5311201 1
controlindv78 2.559829 -0.5613468 1
controlindv79 1.001324 -0.4864997 1
controlindv80 -1.038117 -0.3326582 1
controlindv81 3.273982 -0.80395826 1
controlindv82 4.677036 -0.5108355 1
controlindv83 -10.180553 0.45893579 1
controlindv84 -1.06983964 -0.473771 1
controlindv85 -4.562372 -0.02155316 1
controlindv86 -2.262156 0.0191442000000001 1
controlindv87 -3.971587 -0.61318 1
controlindv88 5.910607 -0.6501883 1
controlindv89 -3.299311 0.10170898 1
controlindv90 -8.9502893 0.2604566 1
controlindv91 0.4790771 -0.2375166 1
controlindv92 -9.482189 0.08043917 1
controlindv93 -2.3818188 -0.1386461 1
controlindv94 0.8523646 -0.5843891 1
controlindv95 -3.6766957 -0.2518961 1
controlindv96 -5.70562115 -0.4961892 1
controlindv97 -2.896863 -0.03065689 1
controlindv98 1.845435 -0.8427644 1
controlindv99 -1.471089 -0.2694318 1
controlindv100 3.3950973 -0.6654461 1
controlindv101 -5.3976169 -0.00333679999999997 1
controlindv102 0.878074100000001 -0.07992583 1
controlindv103 -6.7280354 0.08366853 1
controlindv104 -6.340697 -0.3538562 1
controlindv105 6.501106 -1.001869 1
controlindv106 3.3558143 -0.78958477 1
controlindv107 -6.503681 -0.33658714 1
controlindv108 -3.027623 -0.2791096 1
controlindv109 -3.4432329 -0.2102589 1
controlindv110 -5.080261 0.0407054 1
controlindv111 2.391288 -0.84077 1
controlindv112 2.136008 -0.7780651 1
controlindv113 6.014309 -1.10690457 1
controlindv114 -2.711908 -0.2339507 1
controlindv115 3.485873 -0.3299448 1
controlindv116 -5.2425869 0.023412601 1
controlindv117 4.039285 -0.6716354 1
controlindv118 0.0396115999999989 -0.5491986 1
controlindv119 0.93407 -0.52606739 1
controlindv120 -2.221526 -0.15060079 1
controlindv121 2.631877 -0.6465785 1
controlindv122 1.1775779 -0.7548815 1
controlindv123 -0.4824443 -0.5918931 1
controlindv124 -3.278832 -0.1172485 1
controlindv125 0.476724 -0.4053017 1
controlindv126 -1.331166 -0.18776231 1
controlindv127 -5.909767 -0.5191257 1
controlindv128 2.406417 -0.0444264 1
controlindv129 2.740721 -0.8761657 1
controlindv130 -3.19093653 -0.00410689999999997 1
controlindv131 1.3489822 -0.72890812 1
controlindv132 -1.199388 -0.23330737 1
controlindv133 -0.505983000000001 -0.6632148 1
controlindv134 -2.546537 -0.2586822 1
controlindv135 0.9849642 -0.307981853 1
controlindv136 0.2803774 -0.5457158 1
controlindv137 -0.126595 -0.4267715 1
controlindv138 -0.1177267 -0.951184 1
controlindv139 2.48714685 -0.3683973 1
controlindv140 -8.3499088 0.1548468 1
controlindv141 -3.5762431 -0.3140712 1
controlindv142 -2.443041 0.1528104 1
controlindv143 1.9307194 -0.14051517 1
controlindv144 -7.3283976 -0.1875087 1
controlindv145 -4.5251769 -0.0227192 1
controlindv146 1.1666268 -0.44141602 1
controlindv147 -3.0902562 -0.4139754 1
controlindv148 1.5512898 -0.5429489 1
controlindv149 0.0319349999999989 -0.4634042 1
controlindv150 -3.795996 -0.0829796 1
controlindv151 -4.7033214 -0.01385145 1
controlindv152 5.956885 -0.89690601 1
controlindv153 4.368128 -0.92420877 1
controlindv154 -6.436527 -0.00565571000000005 1
controlindv155 -3.0564168 -0.1307868 1
controlindv156 -4.2623501 -0.27701914 1
controlindv157 0.459227 -0.798138 1
controlindv158 4.258003 -1.0168345 1
controlindv159 -1.987327 -0.2557173 1
controlindv160 2.84594 -0.6441321 1
controlindv161 -4.2121696 0.0252047999999999 1
controlindv162 0.099886699999999 -0.5446865 1
controlindv163 3.3207874 -0.9329269 1
controlindv164 -0.710327 -0.3055896 1
controlindv165 0.9149998 -0.61747127 1
controlindv166 -5.0096172 -0.2345565 1
controlindv167 3.3653717 -0.5344459 1
controlindv168 0.635678 -0.7876971 1
controlindv169 0.791945000000001 -0.655336 1
controlindv170 4.064206 -0.5398555 1
controlindv171 -4.158206 -0.3939186 1
controlindv172 -3.54752 -0.5593494 1
controlindv173 -0.466068999999999 -0.2764138 1
controlindv174 2.826806 -0.59421745 1
controlindv175 2.4655832 -0.4414069 1
controlindv176 -9.510275 0.4148932 1
controlindv177 1.244603 -0.4161177 1
controlindv178 4.493118 -0.8827865 1
controlindv179 -3.077358 -0.367832 1
controlindv180 -1.997687 -0.37449448 1
controlindv181 0.220389 -0.7229911 1
controlindv182 -3.179149 -0.4076703 1
controlindv183 -6.941632 -0.109497216 1
controlindv184 -3.637233 -0.2329349 1
controlindv185 5.640418 -0.8897615 1
controlindv186 1.36535 -0.40364592 1
controlindv187 -3.3300108 -0.1487309 1
controlindv188 -7.50428 0.23698495 1
controlindv189 -2.3901155 -0.55379458 1
controlindv190 1.606297 -0.5004165 1
controlindv191 -2.69905 -0.4943458 1
controlindv192 1.378876 -0.5180495 1
controlindv193 -0.407642800000001 -0.678547 1
controlindv194 0.468847 -0.5576439 1
controlindv195 2.705737 -0.5176002 1
controlindv196 -6.71445964 -0.2528456 1
controlindv197 0.0851894999999994 -0.16013265 1
controlindv198 -1.745777 -0.4837566 1
controlindv199 1.305739 -0.6272098 1
caseindv0 0.4818551 -0.4770248 2
caseindv1 -8.023297 -0.0287132600000001 2
caseindv2 -8.176937 -0.2987558 2
caseindv3 -5.637796 -0.2639899 2
caseindv4 -4.8274954 0.0688217 2
caseindv5 -0.820040000000001 -0.3990577 2
caseindv6 -5.0745175 0.0965031 2
caseindv7 -8.531377 0.24529754 2
caseindv8 -4.2408638 -0.01181328 2
caseindv9 -12.357252 0.4662446 2
caseindv10 2.353723 -0.3703903 2
caseindv11 -2.8816734 -0.2817011 2
caseindv12 0.550121000000001 -0.5946026 2
caseindv13 -5.3236942 -0.3252935 2
caseindv14 -12.8970331 0.57534201 2
caseindv15 -0.8370086 -0.8039384 2
caseindv16 -0.312448000000001 -0.2652441 2
caseindv17 -6.051764 0.1176158 2
caseindv18 -12.015932 0.32208334 2
caseindv19 0.67628996 -0.5498705 2
caseindv20 -7.384585 0.07204491 2
caseindv21 -5.0598614 -0.3587867 2
caseindv22 -2.727799 -0.4799494 2
caseindv23 -7.8806889 -0.05600601 2
caseindv24 -5.3538006 -0.1297479 2
caseindv25 1.6090009 -0.8508571 2
caseindv26 -1.584953 -0.33838445 2
caseindv27 -2.093926 -0.4662075 2
caseindv28 -5.3420816 -0.432867 2
caseindv29 -3.538592 -0.2437551 2
caseindv30 1.864958 -0.9654935 2
caseindv31 -5.115101 0.0418072 2
caseindv32 -2.997247 -0.42276003 2
caseindv33 -1.35275 -0.4257244 2
caseindv34 -0.6488 -0.41767415 2
caseindv35 -3.331161 -0.27667549 2
caseindv36 -2.808779 -0.13297374 2
caseindv37 -3.210239 0.1157759 2
caseindv38 2.57818 -0.525606 2
caseindv39 2.43222743 -0.8454705 2
caseindv40 -0.208641 -0.6799681 2
caseindv41 0.3405703 -0.4378516 2
caseindv42 -8.691364 0.3396514 2
caseindv43 -3.732135 -0.4373682 2
caseindv44 -0.0796030000000005 -0.4577368 2
caseindv45 -2.936553 -0.4442406 2
caseindv46 1.557572 -0.6575519 2
caseindv47 -3.616255 -0.3872097 2
caseindv48 -2.5994451 -0.7006503 2
caseindv49 -0.870420000000001 -0.1796325 2
caseindv50 -6.081939 -0.0924957 2
caseindv51 -0.571241000000001 -0.8502944 2
caseindv52 3.211909 -1.0240086 2
caseindv53 2.69685671 -0.76811419 2
caseindv54 0.816567 -0.4708135 2
caseindv55 -6.53194077 0.1207551 2
caseindv56 0.750671 -0.3688322 2
caseindv57 -0.560386 -0.200233031 2
caseindv58 2.21485 -0.4537739 2
caseindv59 1.678417 -0.893225 2
caseindv60 -7.660395 -0.1539524 2
caseindv61 -5.5521679 -0.6007906 2
caseindv62 -5.948741 -0.4455363 2
caseindv63 -1.757022 0.06666318 2
caseindv64 -9.6691757 -0.00133809999999995 2
caseindv65 3.628246 -0.4999565 2
caseindv66 4.966707 -0.4789205 2
caseindv67 0.00640000000000018 -0.60664134 2
caseindv68 0.366766899999999 -0.10351929 2
caseindv69 -1.3557392 0.075516457 2
caseindv70 -1.397787 -0.40962357 2
caseindv71 -3.273673 0.0190342 2
caseindv72 2.141095 -0.7565231 2
caseindv73 -5.95592532 0.000214300000000001 2
caseindv74 0.44365 -0.27441422 2
caseindv75 -5.437134 0.1193505 2
caseindv76 -5.977385 -0.14491509 2
caseindv77 0.266094 -0.5311201 2
caseindv78 2.559829 -0.5613468 2
caseindv79 1.001324 -0.4864997 2
caseindv80 -1.038117 -0.3326582 2
caseindv81 3.273982 -0.80395826 2
caseindv82 4.677036 -0.5108355 2
caseindv83 -10.180553 0.45893579 2
caseindv84 -1.06983964 -0.473771 2
caseindv85 -4.562372 -0.02155316 2
caseindv86 -2.262156 0.0191442000000001 2
caseindv87 -3.971587 -0.61318 2
caseindv88 5.910607 -0.6501883 2
caseindv89 -3.299311 0.10170898 2
caseindv90 -8.9502893 0.2604566 2
caseindv91 0.4790771 -0.2375166 2
caseindv92 -9.482189 0.08043917 2
caseindv93 -2.3818188 -0.1386461 2
caseindv94 0.8523646 -0.5843891 2
caseindv95 -3.6766957 -0.2518961 2
caseindv96 -5.70562115 -0.4961892 2
caseindv97 -2.896863 -0.03065689 2
caseindv98 1.845435 -0.8427644 2
caseindv99 -1.471089 -0.2694318 2
caseindv100 3.3950973 -0.6654461 2
caseindv101 -5.3976169 -0.00333679999999997 2
caseindv102 0.878074100000001 -0.07992583 2
caseindv103 -6.7280354 0.08366853 2
caseindv104 -6.340697 -0.3538562 2
caseindv105 6.501106 -1.001869 2
caseindv106 3.3558143 -0.78958477 2
caseindv107 -6.503681 -0.33658714 2
caseindv108 -3.027623 -0.2791096 2
caseindv109 -3.4432329 -0.2102589 2
caseindv110 -5.080261 0.0407054 2
caseindv111 2.391288 -0.84077 2
caseindv112 2.136008 -0.7780651 2
caseindv113 6.014309 -1.10690457 2
caseindv114 -2.711908 -0.2339507 2
caseindv115 3.485873 -0.3299448 2
caseindv116 -5.2425869 0.023412601 2
caseindv117 4.039285 -0.6716354 2
caseindv118 0.0396115999999989 -0.5491986 2
caseindv119 0.93407 -0.52606739 2
caseindv120 -2.221526 -0.15060079 2
caseindv121 2.631877 -0.6465785 2
caseindv122 1.1775779 -0.7548815 2
caseindv123 -0.4824443 -0.5918931 2
caseindv124 -3.278832 -0.1172485 2
caseindv125 0.476724 -0.4053017 2
caseindv126 -1.331166 -0.18776231 2
caseindv127 -5.909767 -0.5191257 2
caseindv128 2.406417 -0.0444264 2
caseindv129 2.740721 -0.8761657 2
caseindv130 -3.19093653 -0.00410689999999997 2
caseindv131 1.3489822 -0.72890812 2
caseindv132 -1.199388 -0.23330737 2
caseindv133 -0.505983000000001 -0.6632148 2
caseindv134 -2.546537 -0.2586822 2
caseindv135 0.9849642 -0.307981853 2
caseindv136 0.2803774 -0.5457158 2
caseindv137 -0.126595 -0.4267715 2
caseindv138 -0.1177267 -0.951184 2
caseindv139 2.48714685 -0.3683973 2
caseindv140 -8.3499088 0.1548468 2
caseindv141 -3.5762431 -0.3140712 2
caseindv142 -2.443041 0.1528104 2
caseindv143 1.9307194 -0.14051517 2
caseindv144 -7.3283976 -0.1875087 2
caseindv145 -4.5251769 -0.0227192 2
caseindv146 1.1666268 -0.44141602 2
caseindv147 -3.0902562 -0.4139754 2
caseindv148 1.5512898 -0.5429489 2
caseindv149 0.0319349999999989 -0.4634042 2
caseindv150 -3.795996 -0.0829796 2
caseindv151 -4.7033214 -0.01385145 2
caseindv152 5.956885 -0.89690601 2
caseindv153 4.368128 -0.92420877 2
caseindv154 -6.436527 -0.00565571000000005 2
caseindv155 -3.0564168 -0.1307868 2
caseindv156 -4.2623501 -0.27701914 2
caseindv157 0.459227 -0.798138 2
caseindv158 4.258003 -1.0168345 2
caseindv159 -1.987327 -0.2557173 2
caseindv160 2.84594 -0.6441321 2
caseindv161 -4.2121696 0.0252047999999999 2
caseindv162 0.099886699999999 -0.5446865 2
caseindv163 3.3207874 -0.9329269 2
caseindv164 -0.710327 -0.3055896 2
caseindv165 0.9149998 -0.61747127 2
caseindv166 -5.0096172 -0.2345565 2
caseindv167 3.3653717 -0.5344459 2
caseindv168 0.635678 -0.7876971 2
caseindv169 0.791945000000001 -0.655336 2
caseindv170 4.064206 -0.5398555 2
caseindv171 -4.158206 -0.3939186 2
caseindv172 -3.54752 -0.5593494 2
caseindv173 -0.466068999999999 -0.2764138 2
caseindv174 2.826806 -0.59421745 2
caseindv175 2.4655832 -0.4414069 2
caseindv176 -9.510275 0.4148932 2
caseindv177 1.244603 -0.4161177 2
caseindv178 4.493118 -0.8827865 2
caseindv179 -3.077358 -0.367832 2
caseindv180 -1.997687 -0.37449448 2
caseindv181 0.220389 -0.7229911 2
caseindv182 -3.179149 -0.4076703 2
caseindv183 -6.941632 -0.109497216 2
caseindv184 -3.637233 -0.2329349 2
caseindv185 5.640418 -0.8897615 2
caseindv186 1.36535 -0.40364592 2
caseindv187 -3.3300108 -0.1487309 2
caseindv188 -7.50428 0.23698495 2
caseindv189 -2.3901155 -0.55379458 2
caseindv190 1.606297 -0.5004165 2
caseindv191 -2.69905 -0.4943458 2
caseindv192 1.378876 -0.5180495 2
caseindv193 -0.407642800000001 -0.678547 2
caseindv194 0.468847 -0.5576439 2
caseindv195 2.705737 -0.5176002 2
caseindv196 -6.71445964 -0.2528456 2
caseindv197 0.0851894999999994 -0.16013265 2
caseindv198 -1.745777 -0.4837566 2
caseindv199 1.305739 -0.6272098 2
