IID, true_phens, raw_effects_prs, pval_derived_effects_prs, sex
controlindv0, 1.000000e+00, -4.216399e-01, -3.104022e-01, 0, 
controlindv1, 1.000000e+00, -1.483037e+00, -2.169972e-01, 0, 
controlindv2, 1.000000e+00, 3.066724e+00, -7.011025e-01, 0, 
controlindv3, 1.000000e+00, -7.910270e-01, -2.785374e-01, 0, 
controlindv4, 1.000000e+00, -1.775504e-01, -2.600324e-01, 0, 
controlindv5, 1.000000e+00, 1.154437e+00, -3.478160e-01, 0, 
controlindv6, 1.000000e+00, 8.900555e-01, -3.713465e-01, 0, 
controlindv7, 1.000000e+00, -3.708226e+00, -1.215477e-01, 0, 
controlindv8, 1.000000e+00, -2.124268e-01, -4.752485e-02, 0, 
controlindv9, 1.000000e+00, -5.059793e+00, -4.615777e-02, 0, 
controlindv10, 1.000000e+00, 2.346357e+00, -4.281313e-01, 0, 
controlindv11, 1.000000e+00, 5.618136e-01, -4.679906e-01, 0, 
controlindv12, 1.000000e+00, 1.348651e+00, -5.400102e-01, 0, 
controlindv13, 1.000000e+00, 1.260618e-01, -3.872693e-01, 0, 
controlindv14, 1.000000e+00, -4.674599e+00, -1.647191e-01, 0, 
controlindv15, 1.000000e+00, 3.588194e-01, -4.603338e-01, 0, 
controlindv16, 1.000000e+00, 6.793830e-01, -4.345362e-01, 0, 
controlindv17, 1.000000e+00, -1.374918e+00, -5.071214e-01, 0, 
controlindv18, 1.000000e+00, -7.204216e-01, -1.448591e-01, 0, 
controlindv19, 1.000000e+00, -9.266604e-02, -1.875065e-01, 0, 
controlindv20, 1.000000e+00, -1.943856e+00, -1.079690e-01, 0, 
controlindv21, 1.000000e+00, -6.670834e-01, -2.286617e-01, 0, 
controlindv22, 1.000000e+00, 2.314761e+00, -4.508528e-01, 0, 
controlindv23, 1.000000e+00, 5.138284e-01, -1.093895e-01, 0, 
controlindv24, 1.000000e+00, -4.493826e-01, -2.418793e-01, 0, 
controlindv25, 1.000000e+00, 1.670099e-01, -4.803672e-01, 0, 
controlindv26, 1.000000e+00, -3.685700e+00, -6.689581e-02, 0, 
controlindv27, 1.000000e+00, 1.771280e+00, -5.369695e-01, 0, 
controlindv28, 1.000000e+00, -1.242735e+00, -4.331698e-01, 0, 
controlindv29, 1.000000e+00, 1.014454e+00, -3.071278e-01, 0, 
controlindv30, 1.000000e+00, 3.590208e+00, -5.391544e-01, 0, 
controlindv31, 1.000000e+00, -2.487072e+00, -8.644994e-02, 0, 
controlindv32, 1.000000e+00, -3.401931e+00, -3.173992e-02, 0, 
controlindv33, 1.000000e+00, 1.688325e+00, -3.197012e-01, 0, 
controlindv34, 1.000000e+00, -3.014660e-01, -2.478983e-01, 0, 
controlindv35, 1.000000e+00, -3.682477e+00, -5.185335e-02, 0, 
controlindv36, 1.000000e+00, -1.983759e+00, -1.605907e-01, 0, 
controlindv37, 1.000000e+00, -2.037100e-01, -3.025938e-01, 0, 
controlindv38, 1.000000e+00, 1.094570e+00, -2.694394e-01, 0, 
controlindv39, 1.000000e+00, -7.754157e-02, -4.058625e-01, 0, 
controlindv40, 1.000000e+00, 1.034170e+00, -4.056834e-01, 0, 
controlindv41, 1.000000e+00, 1.949473e-01, -3.177230e-01, 0, 
controlindv42, 1.000000e+00, -3.002218e+00, -2.666762e-02, 0, 
controlindv43, 1.000000e+00, 1.228317e+00, -4.636656e-01, 0, 
controlindv44, 1.000000e+00, -1.779023e+00, -2.865766e-01, 0, 
controlindv45, 1.000000e+00, -1.236957e+00, -4.548475e-01, 0, 
controlindv46, 1.000000e+00, 2.917195e+00, -4.587686e-01, 0, 
controlindv47, 1.000000e+00, 1.267634e+00, -5.497211e-01, 0, 
controlindv48, 1.000000e+00, 4.759159e-01, -5.054800e-01, 0, 
controlindv49, 1.000000e+00, 2.461858e+00, -4.115812e-01, 0, 
controlindv50, 1.000000e+00, -1.639976e+00, -2.460810e-01, 0, 
controlindv51, 1.000000e+00, 3.697229e+00, -6.982881e-01, 0, 
controlindv52, 1.000000e+00, 1.510966e+00, -4.588518e-01, 0, 
controlindv53, 1.000000e+00, 8.892710e-03, -2.799554e-01, 0, 
controlindv54, 1.000000e+00, 2.721681e+00, -4.837883e-01, 0, 
controlindv55, 1.000000e+00, 5.210323e-02, -1.985543e-01, 0, 
controlindv56, 1.000000e+00, 2.078894e+00, -3.405375e-01, 0, 
controlindv57, 1.000000e+00, -2.681401e+00, -7.444839e-02, 0, 
controlindv58, 1.000000e+00, 2.915263e+00, -5.828165e-01, 0, 
controlindv59, 1.000000e+00, 2.628209e+00, -5.423677e-01, 0, 
controlindv60, 1.000000e+00, 2.115816e+00, -4.380446e-01, 0, 
controlindv61, 1.000000e+00, 4.552601e-01, -4.949144e-01, 0, 
controlindv62, 1.000000e+00, -1.637040e+00, -2.673241e-01, 0, 
controlindv63, 1.000000e+00, -1.525644e+00, -1.517938e-01, 0, 
controlindv64, 1.000000e+00, -2.493777e-01, -2.572437e-01, 0, 
controlindv65, 1.000000e+00, 3.521636e+00, -4.071892e-01, 0, 
controlindv66, 1.000000e+00, 1.708160e+00, -3.391112e-01, 0, 
controlindv67, 1.000000e+00, -1.277317e+00, -3.457489e-01, 0, 
controlindv68, 1.000000e+00, 2.793879e-01, -1.919852e-01, 0, 
controlindv69, 1.000000e+00, -5.269972e-01, -8.981226e-02, 0, 
controlindv70, 1.000000e+00, -2.737762e+00, -8.077040e-02, 0, 
controlindv71, 1.000000e+00, -3.575423e+00, -7.504198e-02, 0, 
controlindv72, 1.000000e+00, 2.055846e+00, -4.073769e-01, 0, 
controlindv73, 1.000000e+00, 9.948268e-02, -3.513978e-01, 0, 
controlindv74, 1.000000e+00, -2.083377e+00, -1.999638e-01, 0, 
controlindv75, 1.000000e+00, -4.851310e-01, -2.558896e-01, 0, 
controlindv76, 1.000000e+00, -1.836450e+00, -1.387465e-01, 0, 
controlindv77, 1.000000e+00, 3.071144e+00, -5.221157e-01, 0, 
controlindv78, 1.000000e+00, 4.692182e+00, -4.829515e-01, 0, 
controlindv79, 1.000000e+00, 1.140012e+00, -4.392219e-01, 0, 
controlindv80, 1.000000e+00, -4.653850e+00, 2.470803e-02, 0, 
controlindv81, 1.000000e+00, 3.180728e+00, -6.072033e-01, 0, 
controlindv82, 1.000000e+00, 2.155459e+00, -3.708602e-01, 0, 
controlindv83, 1.000000e+00, 3.154373e-01, -1.634346e-01, 0, 
controlindv84, 1.000000e+00, -4.774064e-02, -2.392017e-01, 0, 
controlindv85, 1.000000e+00, -4.768386e+00, -3.639397e-02, 0, 
controlindv86, 1.000000e+00, -2.214042e+00, 1.951537e-02, 0, 
controlindv87, 1.000000e+00, 2.545131e+00, -8.536514e-01, 0, 
controlindv88, 1.000000e+00, 2.236110e+00, -4.379846e-01, 0, 
controlindv89, 1.000000e+00, -3.058635e+00, -1.455572e-03, 0, 
controlindv90, 1.000000e+00, -3.898937e-01, -2.283534e-01, 0, 
controlindv91, 1.000000e+00, 1.147001e-01, -2.930992e-01, 0, 
controlindv92, 1.000000e+00, -2.852977e+00, -3.315056e-02, 0, 
controlindv93, 1.000000e+00, 1.694562e-01, -2.149613e-01, 0, 
controlindv94, 1.000000e+00, 3.247586e-01, -3.001291e-01, 0, 
controlindv95, 1.000000e+00, -9.771887e-01, -4.155950e-01, 0, 
controlindv96, 1.000000e+00, -7.456115e-02, -5.119668e-01, 0, 
controlindv97, 1.000000e+00, 2.467460e+00, -1.215278e-01, 0, 
controlindv98, 1.000000e+00, 3.894428e+00, -7.579453e-01, 0, 
controlindv99, 1.000000e+00, 2.825901e+00, -6.841888e-01, 0, 
controlindv100, 1.000000e+00, 9.563603e-01, -4.157671e-01, 0, 
controlindv101, 1.000000e+00, -2.570089e-01, -2.837328e-01, 0, 
controlindv102, 1.000000e+00, -5.039199e-01, -6.105033e-02, 0, 
controlindv103, 1.000000e+00, -6.483884e-01, -3.093334e-01, 0, 
controlindv104, 1.000000e+00, 1.153187e+00, -4.063155e-01, 0, 
controlindv105, 1.000000e+00, 2.970025e+00, -7.550394e-01, 0, 
controlindv106, 1.000000e+00, -7.944207e-01, -4.557180e-01, 0, 
controlindv107, 1.000000e+00, -1.854181e+00, -1.738365e-01, 0, 
controlindv108, 1.000000e+00, -2.306401e+00, -2.676512e-01, 0, 
controlindv109, 1.000000e+00, 1.786471e-01, -1.260964e-01, 0, 
controlindv110, 1.000000e+00, -3.263235e+00, -4.654296e-02, 0, 
controlindv111, 1.000000e+00, 1.378751e+00, -3.183531e-01, 0, 
controlindv112, 1.000000e+00, 3.854050e+00, -6.024566e-01, 0, 
controlindv113, 1.000000e+00, -1.756661e+00, -1.065213e-01, 0, 
controlindv114, 1.000000e+00, 3.199865e+00, -5.292518e-01, 0, 
controlindv115, 1.000000e+00, 1.932426e+00, -2.733520e-01, 0, 
controlindv116, 1.000000e+00, -2.851449e-01, -1.522378e-01, 0, 
controlindv117, 1.000000e+00, 3.678078e+00, -6.802345e-01, 0, 
controlindv118, 1.000000e+00, -1.789544e-01, -4.532978e-01, 0, 
controlindv119, 1.000000e+00, -1.968917e+00, -1.518738e-01, 0, 
controlindv120, 1.000000e+00, -1.112401e+00, -2.129497e-01, 0, 
controlindv121, 1.000000e+00, 1.382839e+00, -4.080402e-01, 0, 
controlindv122, 1.000000e+00, 7.089589e-01, -4.208149e-01, 0, 
controlindv123, 1.000000e+00, 9.488367e-01, -3.123403e-01, 0, 
controlindv124, 1.000000e+00, 1.014846e+00, -5.983193e-01, 0, 
controlindv125, 1.000000e+00, 1.350910e+00, -3.723705e-01, 0, 
controlindv126, 1.000000e+00, 1.605628e+00, -2.438125e-01, 0, 
controlindv127, 1.000000e+00, -3.221508e+00, -2.311073e-01, 0, 
controlindv128, 1.000000e+00, 1.720848e+00, -4.021122e-01, 0, 
controlindv129, 1.000000e+00, 1.659995e+00, -4.630274e-01, 0, 
controlindv130, 1.000000e+00, 5.533147e-02, -2.541464e-01, 0, 
controlindv131, 1.000000e+00, 4.639222e-01, -3.840086e-01, 0, 
controlindv132, 1.000000e+00, -1.683527e+00, -2.181003e-01, 0, 
controlindv133, 1.000000e+00, 3.326174e+00, -4.436183e-01, 0, 
controlindv134, 1.000000e+00, -1.802629e+00, -1.572882e-01, 0, 
controlindv135, 1.000000e+00, 4.827082e-01, -1.388978e-01, 0, 
controlindv136, 1.000000e+00, 6.351604e-01, -2.905816e-01, 0, 
controlindv137, 1.000000e+00, 1.545438e+00, -5.019160e-01, 0, 
controlindv138, 1.000000e+00, -8.307347e-01, -3.942937e-01, 0, 
controlindv139, 1.000000e+00, -3.334915e-02, -2.628202e-01, 0, 
controlindv140, 1.000000e+00, -8.030608e-01, -2.242538e-01, 0, 
controlindv141, 1.000000e+00, -1.736991e-01, -3.123339e-01, 0, 
controlindv142, 1.000000e+00, -1.580660e-01, -3.736382e-01, 0, 
controlindv143, 1.000000e+00, 2.836644e-01, -1.083543e-01, 0, 
controlindv144, 1.000000e+00, 1.597020e+00, -4.131256e-01, 0, 
controlindv145, 1.000000e+00, 2.810831e-01, -2.132123e-01, 0, 
controlindv146, 1.000000e+00, 6.406318e-01, -8.232950e-02, 0, 
controlindv147, 1.000000e+00, -7.943662e-01, -2.655422e-01, 0, 
controlindv148, 1.000000e+00, 3.326268e-01, -3.472454e-01, 0, 
controlindv149, 1.000000e+00, 2.208309e+00, -3.719714e-01, 0, 
controlindv150, 1.000000e+00, -9.329150e-01, -2.397837e-01, 0, 
controlindv151, 1.000000e+00, -1.162575e-01, -3.021257e-01, 0, 
controlindv152, 1.000000e+00, 3.407907e+00, -4.886987e-01, 0, 
controlindv153, 1.000000e+00, 3.094296e+00, -4.617341e-01, 0, 
controlindv154, 1.000000e+00, 1.377285e+00, -4.449342e-01, 0, 
controlindv155, 1.000000e+00, 3.732782e-01, -1.533018e-01, 0, 
controlindv156, 1.000000e+00, -1.635281e-01, -3.120958e-01, 0, 
controlindv157, 1.000000e+00, 2.750314e+00, -4.614029e-01, 0, 
controlindv158, 1.000000e+00, 1.337310e+00, -5.607696e-01, 0, 
controlindv159, 1.000000e+00, 1.339914e+00, -3.901377e-01, 0, 
controlindv160, 1.000000e+00, 2.576820e+00, -4.287673e-01, 0, 
controlindv161, 1.000000e+00, -5.096326e-01, -1.764293e-01, 0, 
controlindv162, 1.000000e+00, 1.911607e-01, -3.346756e-01, 0, 
controlindv163, 1.000000e+00, 8.738354e-01, -3.628190e-01, 0, 
controlindv164, 1.000000e+00, 1.190579e+00, -4.242301e-01, 0, 
controlindv165, 1.000000e+00, 1.821121e+00, -6.602527e-01, 0, 
controlindv166, 1.000000e+00, 2.889528e-01, -3.391406e-01, 0, 
controlindv167, 1.000000e+00, -1.299763e-01, -4.307555e-01, 0, 
controlindv168, 1.000000e+00, 2.434513e+00, -5.083530e-01, 0, 
controlindv169, 1.000000e+00, 1.290581e+00, -4.545281e-01, 0, 
controlindv170, 1.000000e+00, 3.543703e+00, -4.689003e-01, 0, 
controlindv171, 1.000000e+00, 2.808257e+00, -4.227646e-01, 0, 
controlindv172, 1.000000e+00, -1.305101e+00, -3.340060e-01, 0, 
controlindv173, 1.000000e+00, 2.135182e+00, -5.434564e-01, 0, 
controlindv174, 1.000000e+00, 1.257231e+00, -1.753627e-01, 0, 
controlindv175, 1.000000e+00, 6.303572e-01, -1.453650e-01, 0, 
controlindv176, 1.000000e+00, -6.122912e+00, 8.901870e-03, 0, 
controlindv177, 1.000000e+00, 1.876511e+00, -5.010549e-01, 0, 
controlindv178, 1.000000e+00, 1.272560e+00, -3.839468e-01, 0, 
controlindv179, 1.000000e+00, -2.560395e+00, -3.751046e-01, 0, 
controlindv180, 1.000000e+00, 3.134522e+00, -6.124292e-01, 0, 
controlindv181, 1.000000e+00, 4.538912e+00, -6.608456e-01, 0, 
controlindv182, 1.000000e+00, 1.538179e+00, -2.920346e-01, 0, 
controlindv183, 1.000000e+00, -2.844970e+00, -8.017121e-02, 0, 
controlindv184, 1.000000e+00, 1.101783e+00, -3.379867e-01, 0, 
controlindv185, 1.000000e+00, 2.564462e+00, -5.016776e-01, 0, 
controlindv186, 1.000000e+00, -2.123910e+00, -1.991750e-02, 0, 
controlindv187, 1.000000e+00, 7.332602e-01, -2.715985e-01, 0, 
controlindv188, 1.000000e+00, -2.085496e+00, -6.798297e-02, 0, 
controlindv189, 1.000000e+00, 3.045115e-01, -1.953791e-01, 0, 
controlindv190, 1.000000e+00, 1.739303e+00, -3.245895e-01, 0, 
controlindv191, 1.000000e+00, -1.294273e+00, -3.717606e-01, 0, 
controlindv192, 1.000000e+00, -1.189084e+00, -2.899066e-01, 0, 
controlindv193, 1.000000e+00, -4.093378e-01, -3.859461e-01, 0, 
controlindv194, 1.000000e+00, 1.017977e+00, -3.739803e-01, 0, 
controlindv195, 1.000000e+00, 1.988985e+00, -2.810652e-01, 0, 
controlindv196, 1.000000e+00, 1.603936e-02, -4.739865e-01, 0, 
controlindv197, 1.000000e+00, -3.027575e-01, -1.414141e-01, 0, 
controlindv198, 1.000000e+00, 2.033216e+00, -5.388573e-01, 0, 
controlindv199, 1.000000e+00, -7.613000e-01, -3.872936e-01, 0, 
caseindv0, 2.000000e+00, -4.216399e-01, -3.104022e-01, 0, 
caseindv1, 2.000000e+00, -1.483037e+00, -2.169972e-01, 0, 
caseindv2, 2.000000e+00, 3.066724e+00, -7.011025e-01, 0, 
caseindv3, 2.000000e+00, -7.910270e-01, -2.785374e-01, 0, 
caseindv4, 2.000000e+00, -1.775504e-01, -2.600324e-01, 0, 
caseindv5, 2.000000e+00, 1.154437e+00, -3.478160e-01, 0, 
caseindv6, 2.000000e+00, 8.900555e-01, -3.713465e-01, 0, 
caseindv7, 2.000000e+00, -3.708226e+00, -1.215477e-01, 0, 
caseindv8, 2.000000e+00, -2.124268e-01, -4.752485e-02, 0, 
caseindv9, 2.000000e+00, -5.059793e+00, -4.615777e-02, 0, 
caseindv10, 2.000000e+00, 2.346357e+00, -4.281313e-01, 0, 
caseindv11, 2.000000e+00, 5.618136e-01, -4.679906e-01, 0, 
caseindv12, 2.000000e+00, 1.348651e+00, -5.400102e-01, 0, 
caseindv13, 2.000000e+00, 1.260618e-01, -3.872693e-01, 0, 
caseindv14, 2.000000e+00, -4.674599e+00, -1.647191e-01, 0, 
caseindv15, 2.000000e+00, 3.588194e-01, -4.603338e-01, 0, 
caseindv16, 2.000000e+00, 6.793830e-01, -4.345362e-01, 0, 
caseindv17, 2.000000e+00, -1.374918e+00, -5.071214e-01, 0, 
caseindv18, 2.000000e+00, -7.204216e-01, -1.448591e-01, 0, 
caseindv19, 2.000000e+00, -9.266604e-02, -1.875065e-01, 0, 
caseindv20, 2.000000e+00, -1.943856e+00, -1.079690e-01, 0, 
caseindv21, 2.000000e+00, -6.670834e-01, -2.286617e-01, 0, 
caseindv22, 2.000000e+00, 2.314761e+00, -4.508528e-01, 0, 
caseindv23, 2.000000e+00, 5.138284e-01, -1.093895e-01, 0, 
caseindv24, 2.000000e+00, -4.493826e-01, -2.418793e-01, 0, 
caseindv25, 2.000000e+00, 1.670099e-01, -4.803672e-01, 0, 
caseindv26, 2.000000e+00, -3.685700e+00, -6.689581e-02, 0, 
caseindv27, 2.000000e+00, 1.771280e+00, -5.369695e-01, 0, 
caseindv28, 2.000000e+00, -1.242735e+00, -4.331698e-01, 0, 
caseindv29, 2.000000e+00, 1.014454e+00, -3.071278e-01, 0, 
caseindv30, 2.000000e+00, 3.590208e+00, -5.391544e-01, 0, 
caseindv31, 2.000000e+00, -2.487072e+00, -8.644994e-02, 0, 
caseindv32, 2.000000e+00, -3.401931e+00, -3.173992e-02, 0, 
caseindv33, 2.000000e+00, 1.688325e+00, -3.197012e-01, 0, 
caseindv34, 2.000000e+00, -3.014660e-01, -2.478983e-01, 0, 
caseindv35, 2.000000e+00, -3.682477e+00, -5.185335e-02, 0, 
caseindv36, 2.000000e+00, -1.983759e+00, -1.605907e-01, 0, 
caseindv37, 2.000000e+00, -2.037100e-01, -3.025938e-01, 0, 
caseindv38, 2.000000e+00, 1.094570e+00, -2.694394e-01, 0, 
caseindv39, 2.000000e+00, -7.754157e-02, -4.058625e-01, 0, 
caseindv40, 2.000000e+00, 1.034170e+00, -4.056834e-01, 0, 
caseindv41, 2.000000e+00, 1.949473e-01, -3.177230e-01, 0, 
caseindv42, 2.000000e+00, -3.002218e+00, -2.666762e-02, 0, 
caseindv43, 2.000000e+00, 1.228317e+00, -4.636656e-01, 0, 
caseindv44, 2.000000e+00, -1.779023e+00, -2.865766e-01, 0, 
caseindv45, 2.000000e+00, -1.236957e+00, -4.548475e-01, 0, 
caseindv46, 2.000000e+00, 2.917195e+00, -4.587686e-01, 0, 
caseindv47, 2.000000e+00, 1.267634e+00, -5.497211e-01, 0, 
caseindv48, 2.000000e+00, 4.759159e-01, -5.054800e-01, 0, 
caseindv49, 2.000000e+00, 2.461858e+00, -4.115812e-01, 0, 
caseindv50, 2.000000e+00, -1.639976e+00, -2.460810e-01, 0, 
caseindv51, 2.000000e+00, 3.697229e+00, -6.982881e-01, 0, 
caseindv52, 2.000000e+00, 1.510966e+00, -4.588518e-01, 0, 
caseindv53, 2.000000e+00, 8.892710e-03, -2.799554e-01, 0, 
caseindv54, 2.000000e+00, 2.721681e+00, -4.837883e-01, 0, 
caseindv55, 2.000000e+00, 5.210323e-02, -1.985543e-01, 0, 
caseindv56, 2.000000e+00, 2.078894e+00, -3.405375e-01, 0, 
caseindv57, 2.000000e+00, -2.681401e+00, -7.444839e-02, 0, 
caseindv58, 2.000000e+00, 2.915263e+00, -5.828165e-01, 0, 
caseindv59, 2.000000e+00, 2.628209e+00, -5.423677e-01, 0, 
caseindv60, 2.000000e+00, 2.115816e+00, -4.380446e-01, 0, 
caseindv61, 2.000000e+00, 4.552601e-01, -4.949144e-01, 0, 
caseindv62, 2.000000e+00, -1.637040e+00, -2.673241e-01, 0, 
caseindv63, 2.000000e+00, -1.525644e+00, -1.517938e-01, 0, 
caseindv64, 2.000000e+00, -2.493777e-01, -2.572437e-01, 0, 
caseindv65, 2.000000e+00, 3.521636e+00, -4.071892e-01, 0, 
caseindv66, 2.000000e+00, 1.708160e+00, -3.391112e-01, 0, 
caseindv67, 2.000000e+00, -1.277317e+00, -3.457489e-01, 0, 
caseindv68, 2.000000e+00, 2.793879e-01, -1.919852e-01, 0, 
caseindv69, 2.000000e+00, -5.269972e-01, -8.981226e-02, 0, 
caseindv70, 2.000000e+00, -2.737762e+00, -8.077040e-02, 0, 
caseindv71, 2.000000e+00, -3.575423e+00, -7.504198e-02, 0, 
caseindv72, 2.000000e+00, 2.055846e+00, -4.073769e-01, 0, 
caseindv73, 2.000000e+00, 9.948268e-02, -3.513978e-01, 0, 
caseindv74, 2.000000e+00, -2.083377e+00, -1.999638e-01, 0, 
caseindv75, 2.000000e+00, -4.851310e-01, -2.558896e-01, 0, 
caseindv76, 2.000000e+00, -1.836450e+00, -1.387465e-01, 0, 
caseindv77, 2.000000e+00, 3.071144e+00, -5.221157e-01, 0, 
caseindv78, 2.000000e+00, 4.692182e+00, -4.829515e-01, 0, 
caseindv79, 2.000000e+00, 1.140012e+00, -4.392219e-01, 0, 
caseindv80, 2.000000e+00, -4.653850e+00, 2.470803e-02, 0, 
caseindv81, 2.000000e+00, 3.180728e+00, -6.072033e-01, 0, 
caseindv82, 2.000000e+00, 2.155459e+00, -3.708602e-01, 0, 
caseindv83, 2.000000e+00, 3.154373e-01, -1.634346e-01, 0, 
caseindv84, 2.000000e+00, -4.774064e-02, -2.392017e-01, 0, 
caseindv85, 2.000000e+00, -4.768386e+00, -3.639397e-02, 0, 
caseindv86, 2.000000e+00, -2.214042e+00, 1.951537e-02, 0, 
caseindv87, 2.000000e+00, 2.545131e+00, -8.536514e-01, 0, 
caseindv88, 2.000000e+00, 2.236110e+00, -4.379846e-01, 0, 
caseindv89, 2.000000e+00, -3.058635e+00, -1.455572e-03, 0, 
caseindv90, 2.000000e+00, -3.898937e-01, -2.283534e-01, 0, 
caseindv91, 2.000000e+00, 1.147001e-01, -2.930992e-01, 0, 
caseindv92, 2.000000e+00, -2.852977e+00, -3.315056e-02, 0, 
caseindv93, 2.000000e+00, 1.694562e-01, -2.149613e-01, 0, 
caseindv94, 2.000000e+00, 3.247586e-01, -3.001291e-01, 0, 
caseindv95, 2.000000e+00, -9.771887e-01, -4.155950e-01, 0, 
caseindv96, 2.000000e+00, -7.456115e-02, -5.119668e-01, 0, 
caseindv97, 2.000000e+00, 2.467460e+00, -1.215278e-01, 0, 
caseindv98, 2.000000e+00, 3.894428e+00, -7.579453e-01, 0, 
caseindv99, 2.000000e+00, 2.825901e+00, -6.841888e-01, 0, 
caseindv100, 2.000000e+00, 9.563603e-01, -4.157671e-01, 0, 
caseindv101, 2.000000e+00, -2.570089e-01, -2.837328e-01, 0, 
caseindv102, 2.000000e+00, -5.039199e-01, -6.105033e-02, 0, 
caseindv103, 2.000000e+00, -6.483884e-01, -3.093334e-01, 0, 
caseindv104, 2.000000e+00, 1.153187e+00, -4.063155e-01, 0, 
caseindv105, 2.000000e+00, 2.970025e+00, -7.550394e-01, 0, 
caseindv106, 2.000000e+00, -7.944207e-01, -4.557180e-01, 0, 
caseindv107, 2.000000e+00, -1.854181e+00, -1.738365e-01, 0, 
caseindv108, 2.000000e+00, -2.306401e+00, -2.676512e-01, 0, 
caseindv109, 2.000000e+00, 1.786471e-01, -1.260964e-01, 0, 
caseindv110, 2.000000e+00, -3.263235e+00, -4.654296e-02, 0, 
caseindv111, 2.000000e+00, 1.378751e+00, -3.183531e-01, 0, 
caseindv112, 2.000000e+00, 3.854050e+00, -6.024566e-01, 0, 
caseindv113, 2.000000e+00, -1.756661e+00, -1.065213e-01, 0, 
caseindv114, 2.000000e+00, 3.199865e+00, -5.292518e-01, 0, 
caseindv115, 2.000000e+00, 1.932426e+00, -2.733520e-01, 0, 
caseindv116, 2.000000e+00, -2.851449e-01, -1.522378e-01, 0, 
caseindv117, 2.000000e+00, 3.678078e+00, -6.802345e-01, 0, 
caseindv118, 2.000000e+00, -1.789544e-01, -4.532978e-01, 0, 
caseindv119, 2.000000e+00, -1.968917e+00, -1.518738e-01, 0, 
caseindv120, 2.000000e+00, -1.112401e+00, -2.129497e-01, 0, 
caseindv121, 2.000000e+00, 1.382839e+00, -4.080402e-01, 0, 
caseindv122, 2.000000e+00, 7.089589e-01, -4.208149e-01, 0, 
caseindv123, 2.000000e+00, 9.488367e-01, -3.123403e-01, 0, 
caseindv124, 2.000000e+00, 1.014846e+00, -5.983193e-01, 0, 
caseindv125, 2.000000e+00, 1.350910e+00, -3.723705e-01, 0, 
caseindv126, 2.000000e+00, 1.605628e+00, -2.438125e-01, 0, 
caseindv127, 2.000000e+00, -3.221508e+00, -2.311073e-01, 0, 
caseindv128, 2.000000e+00, 1.720848e+00, -4.021122e-01, 0, 
caseindv129, 2.000000e+00, 1.659995e+00, -4.630274e-01, 0, 
caseindv130, 2.000000e+00, 5.533147e-02, -2.541464e-01, 0, 
caseindv131, 2.000000e+00, 4.639222e-01, -3.840086e-01, 0, 
caseindv132, 2.000000e+00, -1.683527e+00, -2.181003e-01, 0, 
caseindv133, 2.000000e+00, 3.326174e+00, -4.436183e-01, 0, 
caseindv134, 2.000000e+00, -1.802629e+00, -1.572882e-01, 0, 
caseindv135, 2.000000e+00, 4.827082e-01, -1.388978e-01, 0, 
caseindv136, 2.000000e+00, 6.351604e-01, -2.905816e-01, 0, 
caseindv137, 2.000000e+00, 1.545438e+00, -5.019160e-01, 0, 
caseindv138, 2.000000e+00, -8.307347e-01, -3.942937e-01, 0, 
caseindv139, 2.000000e+00, -3.334915e-02, -2.628202e-01, 0, 
caseindv140, 2.000000e+00, -8.030608e-01, -2.242538e-01, 0, 
caseindv141, 2.000000e+00, -1.736991e-01, -3.123339e-01, 0, 
caseindv142, 2.000000e+00, -1.580660e-01, -3.736382e-01, 0, 
caseindv143, 2.000000e+00, 2.836644e-01, -1.083543e-01, 0, 
caseindv144, 2.000000e+00, 1.597020e+00, -4.131256e-01, 0, 
caseindv145, 2.000000e+00, 2.810831e-01, -2.132123e-01, 0, 
caseindv146, 2.000000e+00, 6.406318e-01, -8.232950e-02, 0, 
caseindv147, 2.000000e+00, -7.943662e-01, -2.655422e-01, 0, 
caseindv148, 2.000000e+00, 3.326268e-01, -3.472454e-01, 0, 
caseindv149, 2.000000e+00, 2.208309e+00, -3.719714e-01, 0, 
caseindv150, 2.000000e+00, -9.329150e-01, -2.397837e-01, 0, 
caseindv151, 2.000000e+00, -1.162575e-01, -3.021257e-01, 0, 
caseindv152, 2.000000e+00, 3.407907e+00, -4.886987e-01, 0, 
caseindv153, 2.000000e+00, 3.094296e+00, -4.617341e-01, 0, 
caseindv154, 2.000000e+00, 1.377285e+00, -4.449342e-01, 0, 
caseindv155, 2.000000e+00, 3.732782e-01, -1.533018e-01, 0, 
caseindv156, 2.000000e+00, -1.635281e-01, -3.120958e-01, 0, 
caseindv157, 2.000000e+00, 2.750314e+00, -4.614029e-01, 0, 
caseindv158, 2.000000e+00, 1.337310e+00, -5.607696e-01, 0, 
caseindv159, 2.000000e+00, 1.339914e+00, -3.901377e-01, 0, 
caseindv160, 2.000000e+00, 2.576820e+00, -4.287673e-01, 0, 
caseindv161, 2.000000e+00, -5.096326e-01, -1.764293e-01, 0, 
caseindv162, 2.000000e+00, 1.911607e-01, -3.346756e-01, 0, 
caseindv163, 2.000000e+00, 8.738354e-01, -3.628190e-01, 0, 
caseindv164, 2.000000e+00, 1.190579e+00, -4.242301e-01, 0, 
caseindv165, 2.000000e+00, 1.821121e+00, -6.602527e-01, 0, 
caseindv166, 2.000000e+00, 2.889528e-01, -3.391406e-01, 0, 
caseindv167, 2.000000e+00, -1.299763e-01, -4.307555e-01, 0, 
caseindv168, 2.000000e+00, 2.434513e+00, -5.083530e-01, 0, 
caseindv169, 2.000000e+00, 1.290581e+00, -4.545281e-01, 0, 
caseindv170, 2.000000e+00, 3.543703e+00, -4.689003e-01, 0, 
caseindv171, 2.000000e+00, 2.808257e+00, -4.227646e-01, 0, 
caseindv172, 2.000000e+00, -1.305101e+00, -3.340060e-01, 0, 
caseindv173, 2.000000e+00, 2.135182e+00, -5.434564e-01, 0, 
caseindv174, 2.000000e+00, 1.257231e+00, -1.753627e-01, 0, 
caseindv175, 2.000000e+00, 6.303572e-01, -1.453650e-01, 0, 
caseindv176, 2.000000e+00, -6.122912e+00, 8.901870e-03, 0, 
caseindv177, 2.000000e+00, 1.876511e+00, -5.010549e-01, 0, 
caseindv178, 2.000000e+00, 1.272560e+00, -3.839468e-01, 0, 
caseindv179, 2.000000e+00, -2.560395e+00, -3.751046e-01, 0, 
caseindv180, 2.000000e+00, 3.134522e+00, -6.124292e-01, 0, 
caseindv181, 2.000000e+00, 4.538912e+00, -6.608456e-01, 0, 
caseindv182, 2.000000e+00, 1.538179e+00, -2.920346e-01, 0, 
caseindv183, 2.000000e+00, -2.844970e+00, -8.017121e-02, 0, 
caseindv184, 2.000000e+00, 1.101783e+00, -3.379867e-01, 0, 
caseindv185, 2.000000e+00, 2.564462e+00, -5.016776e-01, 0, 
caseindv186, 2.000000e+00, -2.123910e+00, -1.991750e-02, 0, 
caseindv187, 2.000000e+00, 7.332602e-01, -2.715985e-01, 0, 
caseindv188, 2.000000e+00, -2.085496e+00, -6.798297e-02, 0, 
caseindv189, 2.000000e+00, 3.045115e-01, -1.953791e-01, 0, 
caseindv190, 2.000000e+00, 1.739303e+00, -3.245895e-01, 0, 
caseindv191, 2.000000e+00, -1.294273e+00, -3.717606e-01, 0, 
caseindv192, 2.000000e+00, -1.189084e+00, -2.899066e-01, 0, 
caseindv193, 2.000000e+00, -4.093378e-01, -3.859461e-01, 0, 
caseindv194, 2.000000e+00, 1.017977e+00, -3.739803e-01, 0, 
caseindv195, 2.000000e+00, 1.988985e+00, -2.810652e-01, 0, 
caseindv196, 2.000000e+00, 1.603936e-02, -4.739865e-01, 0, 
caseindv197, 2.000000e+00, -3.027575e-01, -1.414141e-01, 0, 
caseindv198, 2.000000e+00, 2.033216e+00, -5.388573e-01, 0, 
caseindv199, 2.000000e+00, -7.613000e-01, -3.872936e-01, 0, 
